11
11
11
49
6
51
37
54
63
54
18
18
11
11
15
70
56
11
28
11
11
22
69
54
54
51
30
31
51
31
11
22
17
11
28
41
11
11
11
31
50
17
11
28
51
50
6
11
11
6
48
11
11
6
6
11
6
11
6
11
25
34
19
54
55
54
54
51
51
11
51
51
11
6
11
11
6
6
11
11
11
54
8
11
6
11
6
11
11
11
11
11
6
31
49
31
31
51
31
31
50
8
38
11
11
11
6
11
11
11
51
11
24
11
11
32
32
6
6
11
11
11
11
31
11
49
59
50
49
51
57
57
52
30
52
30
6
4
12
50
6
11
11
11
11
11
11
11
11
6
6
11
11
11
6
11
30
11
11
11
11
6
11
11
11
6
6
31
33
35
11
33
51
6
6
11
11
6
11
6
11
30
30
30
50
50
46
11
31
11
63
59
32
48
11
11
11
11
11
6
11
11
11
11
11
11
50
11
11
11
11
14
11
11
13
14
14
14
14
11
11
27
25
33
27
22
11
11
11
11
11
11
11
11
20
28
28
28
45
45
45
24
24
11
11
11
15
11
18
64
14
15
16
13
11
11
11
11
18
20
20
20
15
20
16
13
11
16
20
18
11
16
51
50
51
50
6
11
14
15
15
15
15
15
13
11
57
11
27
27
69
40
11
11
11
11
11
6
11
11
11
28
17
26
49
11
13
11
50
31
49
51
11
6
11
11
51
48
32
27
27
18
28
21
29
38
41
33
35
29
24
11
41
41
31
50
11
6
11
11
11
11
6
11
11
6
6
6
6
11
6
11
11
11
6
11
11
20
56
30
30
11
12
43
38
11
12
11
51
49
11
50
11
6
11
11
11
6
11
6
6
6
27
51
11
32
11
17
27
11
17
19
30
11
21
6
6
11
18
6
11
11
11
6
11
11
11
11
11
11
33
25
21
32
10
63
63
11
11
11
11
11
11
11
13
19
17
17
17
