8
75
30
29
11
28
40
93
44
58
28
33
44
11
32
47
44
63
36
32
27
27
44
32
37
46
48
59
31
28
11
52
38
39
32
37
29
11
11
11
11
37
67
17
48
49
11
11
6
11
11
11
61
11
11
11
11
11
6
11
36
40
46
54
46
64
61
24
44
43
28
49
11
11
11
11
6
6
11
48
11
48
33
11
11
11
11
11
11
11
14
28
11
27
31
28
32
27
30
44
46
9
45
6
11
11
11
11
11
11
29
46
17
11
11
37
11
11
6
11
11
11
11
46
11
17
11
11
15
11
38
13
16
11
11
20
6
44
11
55
11
6
3
11
11
5
3
3
3
7
6
6
6
11
11
2
44
11
11
3
2
11
7
3
11
11
10
41
51
65
58
63
28
6
11
11
11
11
11
6
11
30
22
27
27
37
26
31
27
43
72
69
67
28
18
11
1
11
11
11
11
2
11
11
11
11
28
11
11
11
41
22
10
11
23
21
15
43
12
44
35
44
44
51
60
51
53
37
32
39
66
11
24
40
11
12
19
26
11
11
30
40
30
19
54
19
48
18
58
55
11
16
17
42
6
6
11
11
50
38
43
57
20
30
50
19
48
19
20
52
28
45
11
11
47
48
11
11
12
11
37
24
54
39
21
30
44
46
67
44
32
44
6
18
36
34
31
12
51
11
53
26
11
59
21
11
36
11
11
22
30
31
27
11
11
11
27
28
18
41
20
31
26
11
11
15
23
11
29
11
19
7
17
15
30
11
6
11
11
11
11
11
6
11
11
11
11
6
11
11
11
11
11
11
11
6
59
26
32
42
34
25
32
11
11
27
11
46
11
30
11
29
11
11
47
6
6
11
11
11
11
11
28
39
70
11
39
26
43
11
28
32
54
41
57
11
11
6
34
6
11
11
11
11
11
11
11
11
11
11
36
54
52
58
42
71
11
6
11
3
12
11
11
11
17
11
18
48
74
