11
11
34
11
6
11
22
11
11
48
29
29
48
11
77
37
44
44
49
47
47
29
11
11
56
11
43
11
11
11
11
49
47
33
47
11
59
43
11
11
11
47
11
11
11
11
11
6
11
11
78
11
48
11
6
11
11
6
11
11
25
25
29
56
11
11
56
11
83
11
11
11
11
11
11
11
11
11
11
11
6
11
10
11
6
11
11
11
11
6
29
11
11
11
11
11
11
69
60
32
39
27
11
11
6
11
11
6
11
11
11
11
11
11
6
29
11
6
6
6
6
6
6
11
37
51
55
51
49
49
24
49
39
47
28
43
6
49
30
11
6
11
6
11
11
11
6
11
11
11
11
11
11
11
11
6
41
6
11
11
11
11
11
6
11
6
6
11
17
18
11
26
11
6
11
6
11
6
6
11
11
11
38
11
11
39
11
37
11
11
47
22
51
11
11
6
6
11
11
11
6
11
11
11
11
11
11
6
11
6
30
22
11
11
37
11
11
11
11
35
11
51
48
49
58
61
11
11
11
11
11
54
54
54
11
11
11
11
11
11
11
11
11
11
41
42
29
46
11
59
69
11
70
32
11
11
11
11
63
37
18
28
61
40
53
11
11
11
59
45
30
11
11
11
33
55
6
11
35
69
73
83
77
74
46
49
44
49
29
48
37
47
11
32
20
11
10
11
16
11
11
65
75
11
27
11
15
11
32
11
67
11
11
11
6
6
33
11
11
50
11
11
52
38
28
25
43
20
18
57
22
3
3
21
28
11
6
11
11
6
11
11
11
6
11
11
6
6
11
6
11
11
11
11
11
11
11
43
11
17
17
11
11
15
34
22
11
11
11
36
11
32
6
11
11
6
11
11
6
6
11
11
43
11
11
11
31
11
27
11
47
11
30
50
11
11
11
11
16
11
11
6
11
6
11
11
6
11
6
11
29
49
29
48
11
56
28
11
11
11
6
11
11
11
28
11
11
11
60
