11
11
11
11
11
58
29
29
30
11
44
44
44
11
23
44
29
11
27
44
44
27
11
58
57
67
49
55
11
49
11
34
33
44
44
44
11
11
6
11
49
44
27
33
11
11
11
11
11
11
41
11
11
11
11
6
11
11
6
6
11
11
44
33
33
34
34
11
11
11
11
11
11
11
6
11
6
11
11
11
11
35
11
6
6
11
11
11
11
6
53
39
11
11
11
11
11
32
11
11
31
11
50
6
11
11
11
6
11
11
11
11
11
11
6
44
11
11
11
11
6
11
6
11
11
11
11
11
11
11
11
11
11
11
11
11
6
12
29
11
11
6
6
6
11
11
6
11
11
11
6
11
6
11
11
11
32
6
6
6
11
11
11
6
6
11
11
11
31
11
11
20
11
6
6
6
6
6
11
6
6
11
11
11
11
31
11
11
11
31
11
30
35
46
45
6
11
11
6
6
6
11
6
6
11
6
11
6
11
11
11
11
11
11
11
19
11
11
11
34
11
44
11
55
11
54
11
17
41
67
12
47
11
11
7
2
11
11
52
11
11
11
11
21
20
20
31
60
11
61
11
11
11
20
11
11
11
6
11
28
11
11
21
34
23
35
59
11
59
22
19
59
11
11
11
11
6
34
11
20
11
58
25
63
11
38
46
44
44
27
44
44
6
40
29
42
38
49
49
6
11
11
11
11
11
11
11
11
11
11
31
11
11
11
11
11
11
11
15
11
11
11
17
11
11
24
21
20
20
21
19
11
11
11
20
11
11
6
11
11
6
11
11
11
6
11
11
11
11
11
11
11
11
11
11
6
18
16
11
15
56
11
11
11
11
11
11
11
11
11
11
11
11
6
11
11
6
11
11
11
11
6
11
10
11
38
54
55
11
11
44
51
59
47
59
11
11
11
60
11
11
11
11
11
6
11
11
11
6
11
27
44
27
27
11
34
65
11
6
6
11
11
11
11
14
24
26
11
11
