0.08333333333333334 0.1707825127659933
0.6915873015873016 0.15774903126710238
0.6334920634920636 0.18937306227269407
0.7518614718614718 0.27463803949042387
0.09714285714285716 0.19803112515615381
0.5988095238095238 0.4091054295124158
0.23383061383061382 0.18726297824148416
0.28941919191919196 0.13266247524653266
0.2801825951825952 0.20608857300448366
0.25882117882117883 0.20520068433359862
0.6944522144522144 0.18273098225130835
0.6360750360750361 0.1668190928581907
0.6621034521034521 0.1336512712446823
0.6448412698412699 0.3814697627521478
0.34275007672066493 0.20111391689513716
0.7196248196248197 0.21363073483317796
0.6709523809523809 0.23748684174075832
0.5365367965367965 0.3064650106459789
0.7198018648018647 0.1926930267444886
0.7069885669885669 0.15208658237504166
0.6779792429792428 0.20447826428884888
0.6714835164835165 0.1454897037020587
0.6889682539682539 0.2199694343044476
0.2223809523809524 0.20140155171699547
0.1458241758241758 0.18885705532811617
0.563961038961039 0.43143975704242
0.5395959595959596 0.40515447417508216
0.5384920634920635 0.44471381434489554
0.6523809523809524 0.39957460372948905
0.5479365079365078 0.2576731744916566
0.06666666666666667 0.19999999999999998
0.5864285714285714 0.24875854661730754
0.5450308025308026 0.22772615552433798
0.621078921078921 0.27368064806791026
0.6772644022644022 0.2152341410997365
0.6423565323565323 0.21312380587735086
0.6812698412698412 0.3336129212946107
0.7317460317460318 0.33493662039636646
0.04 0.12
0.6924603174603174 0.36790337203736334
0.5747979797979798 0.36057489679447613
0.6949023199023199 0.19400635761151377
0.6752145240380535 0.1726064666616332
0.24793650793650798 0.18334508311142078
0.6845238095238095 0.37181184437702847
0.7329365079365079 0.33230211804446946
0.09047619047619049 0.18862192686036533
0.09047619047619049 0.18862192686036533
0.09047619047619049 0.18862192686036533
0.08333333333333334 0.17078251276599327
0.5693939393939395 0.3933448115864235
0.10666666666666666 0.2215099696778153
0.05714285714285714 0.11428571428571428
0.13714285714285715 0.21411421708794512
0.13214285714285715 0.2672851034581094
0.09523809523809525 0.14599723539767517
0.08571428571428572 0.1829464067837957
0.06666666666666668 0.13333333333333336
0.08333333333333334 0.17078251276599327
0.07333333333333333 0.14742229591663988
0.16857142857142854 0.14403797685162828
0.2646176046176046 0.19992908462501943
0.6856210456210456 0.19307311568446064
0.18216117216117217 0.1505595257005009
0.20119694031458737 0.1843633436091528
0.21273310023310024 0.18059539786336407
0.16424908424908427 0.1906599705119561
0.2788095238095238 0.30759186449261106
0.325 0.29432125305522877
0.744047619047619 0.3391185887467098
0.24571428571428572 0.22828553549072203
0.2771717171717172 0.2860445552764565
0.04 0.12
0.09047619047619049 0.18862192686036533
0.09523809523809525 0.14599723539767517
0.08571428571428572 0.18294640678379567
0.09047619047619049 0.18862192686036533
0.12380952380952381 0.19886298112210574
0.08 0.16
0.6353174603174603 0.42257880425429367
0.09833333333333334 0.15392097539538488
0.18162504162504162 0.1546861710555391
0.3780952380952381 0.3463852861192422
0.09444444444444444 0.18929694486000914
0.05 0.15000000000000002
0.04 0.12
0.03333333333333334 0.10000000000000003
0.04 0.12
0.09047619047619049 0.18862192686036533
0.06666666666666668 0.13333333333333336
0 0
0 0
0.015384615384615385 0.04615384615384615
0.2914085914085914 0.2686446499265967
0.3482034632034632 0.2812691410334936
0.205 0.2508363561189255
0.2061904761904762 0.2756155757177582
0.30513431013431014 0.21142809943238028
0.23174603174603176 0.22370480495091175
0.22749999999999998 0.2565272889967069
0.32412698412698415 0.2594272428467484
0.4780952380952381 0.3665565697417817
0.3001731601731602 0.22259841286449839
0.11904761904761907 0.1943067215533635
0.13833333333333334 0.17385338650713714
0.04 0.12
0.11333333333333333 0.17397317800933185
0.06666666666666668 0.13333333333333336
0.03333333333333334 0.10000000000000003
0.09047619047619049 0.18862192686036533
0.7214285714285714 0.3727996671628539
0.7447619047619047 0.3117007693518135
0.02222222222222222 0.06666666666666667
0.09714285714285716 0.19803112515615381
0.06944444444444445 0.14553540997144152
0.6887484737484738 0.19771887716259087
0 0
0.10666666666666669 0.1638427430325934
0.07333333333333333 0.14742229591663988
0.07333333333333333 0.14742229591663988
0.08 0.24
0.04 0.12
0.1 0.21343747458109497
0.7174603174603174 0.31529419728089236
0.759047619047619 0.33478579998561475
0.7368814518814518 0.125759401768156
0.8128538128538129 0.13660197666480306
0.7653879453879453 0.17826244802902427
0.7546886446886447 0.1710551370766148
0.7954120389414506 0.09057493750849971
0.7485331335331336 0.14867072251230026
0.7449050949050948 0.15256334506187377
0.7973914973914973 0.12864975882940605
0.7298226773226772 0.16039521932531012
0.7697560772560773 0.17654801452913654
0.7583349983349983 0.1704079011276323
0.03333333333333334 0.10000000000000003
0.5632034632034632 0.3807774588566022
0.6263203463203464 0.29107684299567
0.746031746031746 0.3245876505000504
0.06136363636363636 0.12533014253602034
0.02857142857142857 0.0857142857142857
0.044444444444444446 0.13333333333333336
0.06944444444444445 0.14553540997144152
0.09047619047619049 0.18862192686036533
0.07857142857142857 0.16428571428571428
0.07857142857142857 0.16428571428571428
0.07857142857142857 0.16428571428571428
0.07857142857142857 0.16428571428571428
0.02857142857142857 0.0857142857142857
0.07857142857142857 0.16428571428571428
0.03333333333333334 0.10000000000000003
0.08571428571428572 0.18294640678379567
0.07857142857142857 0.16428571428571428
0.05 0.15000000000000002
0.02857142857142857 0.0857142857142857
0.25315789473684214 0.21977323997318293
0.05 0.10000000000000002
0.08214285714285714 0.12581367824148953
0.02857142857142857 0.0857142857142857
0.050793650793650794 0.10257456775494293
0.07857142857142857 0.12037356818823368
0.08214285714285714 0.12581367824148953
0.075 0.16007810593582122
0.07222222222222222 0.11055415967851333
0.05714285714285714 0.11428571428571428
0.06857142857142857 0.13950349275124233
0.37904761904761897 0.28754335175469103
0.3095238095238095 0.3065794019584737
0.3621428571428572 0.2802340494104519
0.2552380952380952 0.22685066561461953
0.36809523809523814 0.28325969431207243
0.35500000000000004 0.3178057743403691
0.1304761904761905 0.20673687637773233
0.14666666666666667 0.23437861108329264
0.13333333333333333 0.2081665999466133
0.11857142857142858 0.1873608327069803
0.09047619047619049 0.18862192686036533
0.10666666666666669 0.1638427430325934
0.09047619047619049 0.18862192686036533
0.1 0.1527525231651947
0.3113852813852814 0.2525576928245677
0.3617171717171717 0.22373735093599537
0.40308080808080804 0.20951543420883617
0.29367498514557333 0.26561074270903967
0.23621212121212123 0.214236453324041
0.3377777777777778 0.23004025412635615
0.7587301587301588 0.32928761758833536
0.697936507936508 0.34274987298993753
0.26254689754689753 0.2149796375052621
0.25456293706293703 0.17976109795370804
0.2083694083694084 0.1879751849044574
0.1848018648018648 0.16809978663261257
0.5577777777777777 0.4592479090592669
0.0912121212121212 0.12242161713356753
0.05 0.15000000000000002
0.03333333333333334 0.10000000000000003
0.10666666666666666 0.2215099696778153
0.08 0.16
0.08 0.16
0.08 0.16
0.07333333333333333 0.14742229591663988
0.04 0.12
0.04 0.12
0.04 0.12
0.05714285714285715 0.17142857142857143
0.7892857142857144 0.33898482899049376
0.04 0.12
0.09047619047619049 0.18862192686036533
0.05357142857142857 0.10744006397493802
0.028571428571428574 0.08571428571428572
0.04 0.12000000000000001
0.06190476190476191 0.12426655572095133
0.03333333333333334 0.10000000000000003
0.2854761904761905 0.25790990094760363
0.3016666666666667 0.2268687824369947
0.11904761904761907 0.19430672155336348
0.2119047619047619 0.23436361461386296
0.18333333333333335 0.2409472049133493
0.15238095238095242 0.1995459699024473
0.3146607016172233 0.2759856519665413
0.3037301587301588 0.19076302807362489
0.4825396825396826 0.26062216004181743
0.5912265512265511 0.32921155469770724
0.3077380952380952 0.26566630497845795
0.30776556776556774 0.2670932967720969
0.48238095238095235 0.1763840635331909
0 0
0 0
0 0
0 0
0.02222222222222222 0.06666666666666667
0 0
0 0
0.8191269841269841 0.1559795202364149
0.8429653679653679 0.15029381748302617
0 0
0 0
0.01818181818181818 0.05454545454545454
0 0
0 0
0.09523809523809526 0.14599723539767517
0 0
0.8204761904761904 0.11232040338190127
0.7468614718614719 0.1268788354388934
0.7712698412698413 0.1090978604716244
0.7346825396825397 0.15164756136259153
0.7678571428571429 0.1695076273413186
0.0808080808080808 0.16262312563634834
0.17936507936507934 0.15840760878676868
0.1907936507936508 0.2790779549034218
0.13523809523809527 0.16761904761904764
0.498015873015873 0.3073757883819848
0.2920426632191338 0.26123955995048737
0.08333333333333334 0.17078251276599327
0.08333333333333334 0.17078251276599327
0.09523809523809525 0.14599723539767517
0.05357142857142858 0.10744006397493804
0.49845487845487835 0.3306591990544374
0.4133333333333334 0.33762240578624053
0 0
0 0
0.3654545454545455 0.31020654276393606
0.3127505827505827 0.26693333631175575
0.35123321123321116 0.2656613602912221
0.4319191919191919 0.27040630434901225
0.4128787878787879 0.30037398465935217
0.3545299145299145 0.19560956459370193
0.38715728715728714 0.2830858811591318
0.3672222222222222 0.28247637287845495
0.3215673215673216 0.2773257171025252
0.37217893217893216 0.30784892003345204
0.7542857142857142 0.3587279112164459
0.775 0.33275672918263655
0.7607142857142857 0.32578398377089174
0.7554761904761905 0.24658219274265888
0.04 0.12
0.02222222222222222 0.06666666666666667
0.23326203208556148 0.25131844283133936
0.4644993894993895 0.24419973328701133
0.44655340222213286 0.25523314535840463
0.28799203892083153 0.21186710551991136
0.2968065525805464 0.2206055105539874
0.36421744721280325 0.20582185189138602
0.40095238095238095 0.21469355662252193
0.6431746031746032 0.27194770739161517
0.7876984126984127 0.1299656184548348
0.7002927627927628 0.18827581956425835
0.7638278388278389 0.09382264770110285
0.7422863411098705 0.17421743869404563
0.6991269841269842 0.2941429702094856
0.7551443001443001 0.13693660233517038
0.04 0.12
0 0
0.022222222222222223 0.06666666666666668
0.019999999999999997 0.05999999999999999
0 0
0.026666666666666672 0.08
0.014285714285714287 0.04285714285714286
0.05 0.10000000000000002
0.24000000000000005 0.20912516188477495
0.282965367965368 0.26959390250200743
0.23190476190476192 0.1962003002625869
0.22000000000000003 0.18147543451754933
0.4679004329004329 0.14350711543223835
0.7288888888888889 0.34472507038168815
0.4723809523809524 0.28441609836083953
0.7257142857142858 0.3256041151590624
0.7416666666666667 0.3251569479748611
0.2648701298701298 0.25751292569169515
0.25690476190476186 0.23774843790841432
0.7190476190476189 0.328372955929597
0.7142857142857142 0.3614031611621005
0.12380952380952381 0.19886298112210574
0.06666666666666668 0.13333333333333333
0.06666666666666668 0.13333333333333336
0.7333333333333333 0.3370624736026114
0.7678571428571429 0.33244993485286395
0.2503764209646563 0.2810077698192261
0.29634920634920636 0.2224463722135291
0.30250000000000005 0.2487141313552619
0.3118825618825619 0.19835704188859743
0.3225441225441225 0.22483527767982414
0.3415284715284715 0.17703436134070397
0.332004662004662 0.1895829829128632
0.3617349317349317 0.12069678580673861
0.30837828837828835 0.16768583245060475
0.3226842601842602 0.16085259780868857
0.3024786324786325 0.1970527417659428
0.32204129204129206 0.2096650819300279
0.24249084249084243 0.21464927988356525
0.6168831168831169 0.25944382434915686
0.672972582972583 0.2856279826511887
0.3042490842490842 0.11051121179052037
0.3011366411366411 0.164265249178174
0.7464285714285714 0.3821428571428571
0.09047619047619049 0.18862192686036533
0.07357142857142858 0.11401977988086819
0.075 0.16007810593582122
0.08571428571428572 0.13093073414159542
0.09047619047619049 0.18862192686036533
0.05714285714285715 0.11428571428571431
0.08333333333333334 0.17078251276599327
0.07857142857142857 0.16428571428571428
0.06190476190476191 0.12426655572095133
0.05714285714285714 0.11428571428571428
0.05 0.15000000000000002
0.11904761904761907 0.1943067215533635
0.075 0.16007810593582122
0.073015873015873 0.15028317941009048
0.07857142857142858 0.16428571428571428
0.05714285714285714 0.11428571428571428
0.07857142857142857 0.12037356818823368
0.05357142857142858 0.10744006397493804
0.14166666666666666 0.18276426832884424
0.06666666666666668 0.13333333333333336
0 0
0.5622582972582972 0.2855967014482804
0.4146825396825397 0.11587478254795844
0.37650793650793657 0.21382407652481067
0 0
0.3142857142857143 0.26126545349167124
0.2693722943722944 0.21581207337585653
0.22162441273896386 0.19623158045497932
0.22674231565535913 0.17855569058190907
0.23026556776556775 0.24783665028159008
0.40183982683982683 0.2507452442378873
0.7190476190476189 0.316908250132854
0.7607142857142857 0.32578398377089174
0.7178932178932179 0.37103843660159413
0.03333333333333333 0.09999999999999999
0.7746031746031746 0.32798429252804884
0.09047619047619049 0.18862192686036533
0.09047619047619049 0.18862192686036533
0.6646031746031745 0.3732081908821088
0.1 0.21343747458109497
0.06666666666666668 0.13333333333333336
0.1 0.21343747458109497
0.06666666666666667 0.13333333333333333
0.12380952380952381 0.1523809523809524
0.13333333333333333 0.22110831935702666
0.11333333333333333 0.17397317800933185
0.2633333333333333 0.23307128141884453
0.38238095238095243 0.1714027758369912
0.08214285714285714 0.12581367824148953
0.18714285714285714 0.23373192388909556
0.5648357198357198 0.1996873411259127
0.5298526473526474 0.23142704518548862
0.09047619047619049 0.18862192686036533
0.04444444444444444 0.13333333333333333
0.5891955266955267 0.22465763472862238
0.5372474747474747 0.30523326458063244
0.6378065725124549 0.17383931119490348
0.493427960927961 0.287066087419418
0.5396336996336996 0.156762845588511
0.08 0.16
0.09714285714285716 0.19803112515615381
0.07333333333333333 0.14742229591663988
0.29714285714285715 0.2606045648660532
0.03333333333333334 0.10000000000000003
0.09 0.18138357147217055
0.08571428571428572 0.13093073414159542
0.03333333333333334 0.10000000000000003
0.09166666666666667 0.1416666666666667
0.06666666666666667 0.19999999999999998
0.06666666666666667 0.19999999999999998
0.04 0.12
0 0
0.04 0.12
0.06666666666666667 0.19999999999999998
0.7151298701298701 0.10721583285918809
0.7070216058451353 0.15929487041465695
0.6630666555666556 0.21115104827446698
0.748111888111888 0.17157925952219152
0.7178571428571427 0.18838509914064666
0.261991341991342 0.16496992053101606
0 0
0.06666666666666667 0.19999999999999998
0.05714285714285715 0.17142857142857143
0.03333333333333334 0.10000000000000003
0.04 0.12
0.06666666666666668 0.13333333333333336
0.08 0.16
0.11267005458309806 0.09726415219917593
0.0703174603174603 0.07603174603174602
0.17090806014929438 0.14763914263524552
0.12460606060606061 0.12100048190297832
0 0
0 0