0.0 0.0
0.21071428571428572 0.19062865921546454
0.14444444444444443 0.19075871903765995
0.5174603174603175 0.25931402617740446
0.08 0.16
0.48437950937950935 0.28429129193586744
0.042222222222222223 0.08459051693633014
0.02 0.06
0.03888888888888889 0.0787635937708768
0.01818181818181818 0.05454545454545454
0.46382352941176475 0.1495535834911553
0.4333472083472083 0.1826019050843494
0.44867632367632365 0.21226432380190952
0.4494444444444444 0.14421753064424833
0.06958204334365325 0.1066621038046863
0.49754095577624985 0.23096331705549875
0.40563340168603335 0.22841936507133587
0.33952380952380956 0.25520576475329804
0.40867965367965364 0.1777885356898033
0.38 0.1505176253983418
0.4399200799200799 0.18075459373970013
0.4962659562659562 0.21227928244979266
0.4853535353535353 0.2527063996741713
0.0125 0.037500000000000006
0.030952380952380953 0.06213327786047566
0.35757575757575755 0.332174293479872
0.43613275613275615 0.2409769482297315
0.41259906759906756 0.22783809241255953
0.5506926406926407 0.18626918382186405
0.4273232323232324 0.26129191423081555
0.12214285714285715 0.19996045527421016
0.3897680097680098 0.1684594264533628
0.37816458051752166 0.17047829271252457
0.36232323232323227 0.19328359249733795
0.37544677544677546 0.18345975612929552
0.4451048951048951 0.20454425915615077
0.48238095238095235 0.17925330131338174
0.4572222222222222 0.32658020397695514
0.04 0.12
0.4523809523809524 0.32272929060024574
0.33095238095238094 0.32999175417444787
0.4302097902097902 0.17936444809419927
0.3460594960594961 0.19177886583258458
0.07333333333333333 0.14742229591663988
0.48939393939393944 0.3152520681839472
0.5207142857142857 0.27952026038145933
0.03333333333333334 0.10000000000000003
0.07777777777777779 0.15752718754175363
0.06666666666666668 0.13333333333333336
0.06666666666666668 0.13333333333333336
0.28168831168831165 0.2967436981611924
0.14666666666666667 0.1808621328833405
0.03333333333333334 0.10000000000000003
0.11904761904761907 0.1943067215533635
0.15714285714285717 0.1580062859336863
0.05555555555555556 0.11385500851066223
0.08690476190476192 0.13405945985088186
0.028571428571428574 0.08571428571428572
0.09523809523809525 0.14599723539767517
0.14523809523809525 0.1851793271938168
0.18352092352092353 0.22018051408050957
0.20936507936507937 0.23223063053705295
0.44866000013058843 0.11616188359120917
0.019999999999999997 0.05999999999999999
0.019999999999999997 0.05999999999999999
0.045384615384615384 0.06973274802609984
0.04785214785214785 0.07364534813387183
0.17083333333333334 0.21445182054096282
0.2018009768009768 0.20175001374250512
0.48571428571428565 0.21397861592355988
0.1793650793650794 0.23541346846301478
0.17579365079365078 0.19608194524662562
0.06666666666666668 0.13333333333333333
0.09047619047619047 0.138750497946033
0.028571428571428574 0.08571428571428572
0.05714285714285714 0.11428571428571431
0.13833333333333334 0.1738533865071371
0.09047619047619049 0.13875049794603303
0.09 0.18138357147217055
0.49032190032190026 0.2606881452316217
0.09714285714285716 0.1512937405128426
0.01818181818181818 0.05454545454545453
0.08 0.16
0.04722222222222222 0.09464847243000456
0.028571428571428574 0.08571428571428572
0.058333333333333334 0.11814539065631521
0.04 0.12
0.08 0.16
0.04 0.12
0.09166666666666667 0.1416666666666667
0.08222222222222222 0.18487232831816064
0.03484848484848485 0.069779266301027
0.05019607843137255 0.1006369564382459
0.1728715728715729 0.19301923020893336
0.20081030081030077 0.16575841324580073
0.14166666666666666 0.18276426832884424
0.22434065934065933 0.22814905104782368
0.14166666666666666 0.1626601774661928
0.11984848484848484 0.13405186899580035
0.14444444444444443 0.22110831935702666
0.16969696969696968 0.2707673685295597
0.08333333333333333 0.1707825127659933
0.03333333333333333 0.09999999999999999
0.12380952380952381 0.1523809523809524
0.09833333333333334 0.15392097539538488
0.04 0.12
0.06666666666666668 0.13333333333333336
0.06190476190476191 0.12426655572095133
0.1285714285714286 0.1580062859336863
0.05357142857142858 0.10744006397493804
0.4462881562881563 0.2389734933794978
0.5483333333333332 0.27752969647643805
0.0 0.0
0.09047619047619047 0.138750497946033
0.07357142857142858 0.11401977988086819
0.40275058275058273 0.18989258112404567
0.11333333333333333 0.17397317800933185
0.11333333333333333 0.17397317800933185
0.06190476190476191 0.12426655572095134
0.11333333333333333 0.17397317800933185
0.13166666666666668 0.16473041950748232
0.03333333333333334 0.10000000000000003
0.10666666666666669 0.1638427430325934
0.4947186147186148 0.32023613408633045
0.5215367965367966 0.2868710390856786
0.3 0.14688115629335874
0.2088888888888889 0.1933173684340639
0.15888888888888889 0.14451280433679206
0.24504273504273505 0.19845771030709433
0.19944444444444442 0.2263294059551255
0.1915151515151515 0.1503225454366864
0.23500000000000001 0.21869492251948253
0.2583333333333333 0.24627158049199402
0.13444444444444445 0.1424824009058706
0.06444444444444444 0.09860758992148352
0.24033910533910535 0.1996013964669627
0.06190476190476191 0.12426655572095133
0.5275757575757576 0.2546841252867845
0.10500000000000001 0.165
0.4578571428571429 0.23420161576171253
0.025 0.07500000000000001
0.058333333333333334 0.11814539065631521
0.025 0.07500000000000001
0.04722222222222222 0.09464847243000456
0.02857142857142857 0.0857142857142857
0.025 0.07500000000000001
0.0 0.0
0.0 0.0
0.025 0.07500000000000001
0.06190476190476191 0.12426655572095133
0.08333333333333334 0.12909944487358058
0.03333333333333334 0.10000000000000002
0.10714285714285714 0.17276266603496893
0.09 0.14282856857085702
0.05357142857142857 0.10744006397493802
0.025 0.07500000000000001
0.1618997668997669 0.16878652874228828
0.08888888888888889 0.17777777777777778
0.07857142857142857 0.16428571428571428
0.0 0.0
0.0 0.0
0.05357142857142858 0.10744006397493804
0.05 0.15000000000000002
0.0 0.0
0.04444444444444444 0.0888888888888889
0.075 0.11456439237389598
0.025 0.07500000000000001
0.21015873015873016 0.22000618420497953
0.10714285714285716 0.21488012794987607
0.12380952380952381 0.24853311144190265
0.13214285714285717 0.21550249773636557
0.12333333333333334 0.19209372712298545
0.10666666666666666 0.2215099696778153
0.14 0.1724335620850342
0.1019047619047619 0.15776500219746886
0.1 0.1527525231651947
0.1 0.1527525231651947
0.058333333333333334 0.11814539065631521
0.1285714285714286 0.1580062859336863
0.06190476190476191 0.12426655572095134
0.06666666666666668 0.13333333333333336
0.19906204906204902 0.17599248406503165
0.1670779220779221 0.14159062245911241
0.1614163614163614 0.20498992373786484
0.17444444444444446 0.2330712814188445
0.16309246309246309 0.15718101570761875
0.18341991341991343 0.19690259072842414
0.5639971139971138 0.18757410575977063
0.557936507936508 0.23613078482794622
0.10207070707070706 0.10417967779163508
0.02 0.06
0.06713286713286713 0.10757417914981487
0.02967032967032967 0.05939151260163366
0.37971306471306476 0.26254475520788084
0.15731601731601733 0.19065283033497166
0.14500000000000002 0.18227726133558186
0.0 0.0
0.03333333333333333 0.09999999999999999
0.03333333333333333 0.09999999999999999
0.0 0.0
0.0 0.0
0.0 0.0
0.0 0.0
0.0 0.0
0.028571428571428574 0.08571428571428572
0.025 0.07500000000000001
0.538917748917749 0.25248631157184687
0.03333333333333334 0.10000000000000003
0.05714285714285715 0.17142857142857143
0.0 0.0
0.04 0.12
0.04 0.12
0.0 0.0
0.08412698412698413 0.13090186615885196
0.07333333333333333 0.14742229591663988
0.06666666666666667 0.19999999999999998
0.0507936507936508 0.10257456775494293
0.058333333333333334 0.11814539065631521
0.05714285714285715 0.11428571428571431
0.0507936507936508 0.10257456775494293
0.23992063492063492 0.2588825264660561
0.08214285714285716 0.17931986015190277
0.12357142857142858 0.2305284523587897
0.33469696969696966 0.22938558289090483
0.0 0.0
0.0 0.0
0.16714285714285715 0.1827287495671312
0.04 0.12000000000000001
0.0 0.0
0.0 0.0
0.0 0.0
0.02222222222222222 0.06666666666666667
0.0 0.0
0.0 0.0
0.3601587301587302 0.20835224403968364
0.265 0.2512690014926455
0.02857142857142857 0.08571428571428572
0.04 0.12
0.040769230769230766 0.09383669561417313
0.03333333333333333 0.09999999999999999
0.0 0.0
0.0 0.0
0.0 0.0
0.42000000000000004 0.1808621328833405
0.61984126984127 0.1926532333742521
0.37214285714285716 0.22128784570689003
0.5993145743145744 0.2871807644292721
0.473968253968254 0.10498101185254541
0.09801587301587303 0.12117217978123215
0.04318181818181818 0.08769900627988518
0.065 0.13425721582097555
0.028571428571428574 0.08571428571428572
0.3561904761904762 0.2184235416282205
0.24611832611832613 0.22335174419881074
0.09047619047619047 0.138750497946033
0.11666666666666667 0.18333333333333335
0.11047619047619048 0.1386818411372754
0.02857142857142857 0.0857142857142857
0.46373015873015866 0.2140539752221155
0.34301587301587305 0.28769196489764304
0.04722222222222222 0.09464847243000456
0.0 0.0
0.2266017316017316 0.22300785968555334
0.3012232212232212 0.3034253919581394
0.3555710955710956 0.2682541991554115
0.07936507936507937 0.12233554836823932
0.21017316017316015 0.2281147050492258
0.14166666666666666 0.18939882148589762
0.11746031746031749 0.14672025407354086
0.3814285714285714 0.26849247404122906
0.3026251526251526 0.2764501609822448
0.09777777777777778 0.12420612099984107
0.5692857142857142 0.25060572877034754
0.45119047619047625 0.31255158304429054
0.5221428571428571 0.30100370644315494
0.5369047619047619 0.36941034401810363
0.03333333333333334 0.10000000000000003
0.050793650793650794 0.10257456775494295
0.053566433566433556 0.08248203576697924
0.044444444444444446 0.06938886664887109
0.05009803921568627 0.08307856094988669
0.09463477698771816 0.11097912800631138
0.09260835913312693 0.1214282634627361
0.059166666666666666 0.10464556581358068
0.03333333333333333 0.09999999999999999
0.4661904761904762 0.2505069689581482
0.47712731712731715 0.27360558032848437
0.3897102897102897 0.19471773497706035
0.3886857586857587 0.1384767992948884
0.4836868686868686 0.17771004936910778
0.3738095238095238 0.2490346694054577
0.5204528478057889 0.19766552616154529
0.1 0.1527525231651947
0.06944444444444445 0.14553540997144152
0.09714285714285714 0.19803112515615381
0.0 0.0
0.04615384615384615 0.13846153846153844
0.05166666666666667 0.10340051579497402
0.04392844857241142 0.07156168888607359
0.06318181818181819 0.0977949026033904
0.04 0.12
0.06857142857142857 0.13950349275124233
0.07333333333333333 0.14742229591663988
0.07333333333333333 0.14742229591663988
0.02857142857142857 0.0857142857142857
0.48738095238095236 0.35802122145389353
0.03333333333333333 0.09999999999999999
0.5329365079365079 0.3068466333317008
0.4595238095238095 0.2682542030617926
0.1626984126984127 0.17579857745076116
0.23066378066378065 0.18514896449309762
0.506031746031746 0.17867411509614864
0.5403968253968254 0.2212553939625445
0.06190476190476191 0.12426655572095134
0.06666666666666668 0.13333333333333336
0.1 0.1527525231651947
0.510952380952381 0.271073238126377
0.4842063492063492 0.2300959000174438
0.1292929292929293 0.10759543614767395
0.05246753246753246 0.08120196726228977
0.07395104895104895 0.11642372225757205
0.0869047619047619 0.13405945985088186
0.11416666666666667 0.12572290960680158
0.09621212121212121 0.12767118362996632
0.09621212121212122 0.12767118362996632
0.14575424575424573 0.1676146549684932
0.14081878905408315 0.12388559703142019
0.09954545454545453 0.10128207072942212
0.134030414030414 0.14871014559813425
0.09053030303030303 0.12351563568614772
0.11046620046620045 0.14274699142405642
0.12380952380952381 0.19886298112210574
0.18095238095238098 0.277500995892066
0.11621212121212121 0.09715902445505435
0.1543997668997669 0.11740847456414259
0.49976190476190474 0.29943720831479176
0.08690476190476192 0.13405945985088186
0.04722222222222222 0.09464847243000456
0.0 0.0
0.025 0.07500000000000001
0.065 0.13425721582097555
0.09357142857142857 0.14716539355848743
0.058333333333333334 0.11814539065631521
0.02857142857142857 0.0857142857142857
0.08214285714285714 0.12581367824148953
0.09079365079365079 0.14442316256965612
0.08214285714285714 0.12581367824148953
0.1 0.1527525231651947
0.0 0.0
0.02857142857142857 0.0857142857142857
0.1285714285714286 0.1580062859336863
0.025 0.07500000000000001
0.075 0.11456439237389598
0.025 0.07500000000000001
0.0869047619047619 0.13405945985088188
0.09047619047619049 0.13875049794603303
0.0 0.0
0.40566378066378067 0.2662510332977981
0.1 0.21343747458109497
0.15 0.18929694486000914
0.019999999999999997 0.05999999999999999
0.14761904761904762 0.19570211988604305
0.05714285714285715 0.17142857142857143
0.06818181818181818 0.15380840286989664
0.09000000000000001 0.14761059883656352
0.08967032967032967 0.1279332334019212
0.12380952380952381 0.2485331114419026
0.4431746031746032 0.25136442984957197
0.4409523809523809 0.26137782489518646
0.5068542568542569 0.20407943737379902
0.058333333333333334 0.11814539065631521
0.5285714285714287 0.20028324614107704
0.09047619047619047 0.138750497946033
0.06190476190476191 0.12426655572095131
0.46976190476190477 0.31932832356571894
0.09523809523809525 0.14599723539767517
0.125 0.1547847968417226
0.17523809523809525 0.1779806099148695
0.07333333333333333 0.14742229591663988
0.08214285714285716 0.12581367824148956
0.13523809523809524 0.1676190476190476
0.0 0.0
0.04 0.12
0.04 0.12000000000000001
0.038181818181818185 0.07647178489022942
0.028571428571428574 0.08571428571428572
0.3584567883097295 0.19325366260964974
0.2563170163170163 0.1878693074588994
0.0 0.0
0.05357142857142857 0.10744006397493802
0.48097069597069597 0.18080697353020064
0.3423160173160173 0.21618818013298585
0.38183535762483134 0.18779746559569876
0.3863369963369963 0.14872679469893013
0.35281639928698755 0.15221409616605022
0.07333333333333333 0.14742229591663988
0.08 0.16
0.04 0.12
0.07333333333333333 0.14742229591663988
0.03333333333333334 0.10000000000000002
0.1019047619047619 0.15776500219746886
0.028571428571428574 0.08571428571428572
0.03333333333333334 0.10000000000000003
0.1 0.1527525231651947
0.03333333333333333 0.09999999999999999
0.06222222222222222 0.13063945294843618
0.10857142857142858 0.168450319691242
0.04 0.12
0.1335714285714286 0.1690323601429922
0.0 0.0
0.458086358086358 0.18333129966413061
0.40230907980907976 0.2290888096550091
0.41163927575692283 0.20421108702519244
0.18264957264957266 0.19277779198805525
0.18793650793650796 0.20599627938431658
0.06228438228438228 0.10330379589588864
0.08222222222222222 0.18487232831816064
0.03333333333333333 0.09999999999999999
0.05714285714285715 0.17142857142857143
0.03333333333333334 0.10000000000000003
0.022222222222222223 0.06666666666666668
0.03333333333333334 0.10000000000000003
0.04 0.12
0.06292113683418031 0.08089897448480163
0.02957393483709273 0.062141238586632806
0.05462074157726332 0.07184005386704555
0.05220685111989461 0.07972936782986056
0.0 0.0
0.025 0.07500000000000001