0.15238095238095237 0.21380899352993948
0.48883116883116884 0.23271835445316932
0.5921717171717171 0.264745605709126
0.743095238095238 0.33082123129392693
0.10714285714285716 0.21488012794987607
0.6449494949494949 0.37377866274794264
0.44898601398601407 0.17081826589313498
0.40791146761735 0.20663143415414448
0.4326226551226552 0.1982385724526952
0.4233044733044733 0.18986165295217716
0.7365168165168166 0.1160213945306473
0.7091908091908092 0.2253483385626852
0.6811060740085508 0.22942014639569752
0.6471789321789322 0.36466455232373424
0.437893756712171 0.18163785275666958
0.685873015873016 0.2322588368535162
0.5977777777777777 0.29997245191397404
0.4343711843711843 0.22267916665425944
0.7568939393939395 0.19365144015111868
0.7273446161681456 0.1540213142045304
0.758075258075258 0.14930808532311435
0.7182084582084582 0.15420933687789393
0.7129120879120879 0.27273820966978257
0.37704400862295595 0.27599920093679164
0.4490695578930873 0.26233242264682183
0.6941919191919191 0.28868938244199654
0.6982217782217782 0.3629808475024504
0.7205905205905208 0.28416579452525736
0.6753174603174603 0.3770244673487277
0.65990786990787 0.24905115863610858
0.08 0.16
0.6421336996336996 0.23542004587283044
0.6243041272453037 0.2351433586262728
0.6563369963369963 0.293573955459487
0.6767565767565766 0.1918037286268018
0.682043512043512 0.18528928346718518
0.7179551820728292 0.2644537340410118
0.6831746031746031 0.33685756021353574
0.14666666666666667 0.23437861108329264
0.7673232323232323 0.3020626004833336
0.7205977355977355 0.23729732383111174
0.7022877122877123 0.14872703477873994
0.6625763125763126 0.16716395240077483
0 0
0.6673809523809524 0.3804819267700365
0.7288095238095238 0.322396162685423
0.13571428571428573 0.21771072363040245
0.06190476190476191 0.12426655572095131
0.05357142857142857 0.10744006397493802
0.12023809523809526 0.14892376567176718
0.6062091503267973 0.4017009894280996
0.14190476190476192 0.1764579694034429
0.19555555555555554 0.26755407899186506
0.12857142857142856 0.1580062859336863
0.1285714285714286 0.1580062859336863
0.11666666666666667 0.18333333333333335
0.09523809523809525 0.14599723539767517
0.11904761904761907 0.1943067215533635
0.1523809523809524 0.1995459699024473
0.16380952380952385 0.2098612002157833
0.1917027417027417 0.1784006792203518
0.3333405483405483 0.16935981310248877
0.7258075258075258 0.15780704136907106
0.3658861594276858 0.2546192313160131
0.3773060273060273 0.22435582597009923
0.35285204991087343 0.23335039801173038
0.3455602240896358 0.27897597383783423
0.34227994227994224 0.3060121279861164
0.35674100409394527 0.30209721467289563
0.7345238095238095 0.3241091925686203
0.3285103785103785 0.29604186840953856
0.24857142857142858 0.27995626480591856
0.06857142857142857 0.13950349275124233
0.18571428571428572 0.2
0.2346320346320346 0.25906513992649866
0.24634920634920637 0.27989199947140825
0.12380952380952381 0.19886298112210574
0.12380952380952381 0.1523809523809524
0.04 0.12
0.703888888888889 0.31591577639899177
0.14000000000000004 0.1724335620850342
0.4148953823953824 0.1837820231397029
0.14666666666666667 0.23437861108329264
0.17658730158730157 0.153774321491312
0.1 0.1527525231651947
0.1 0.1527525231651947
0.06666666666666668 0.13333333333333336
0.10666666666666666 0.2215099696778153
0.06666666666666668 0.13333333333333336
0.14833333333333334 0.24770614310778272
0.11692307692307691 0.2479931283644293
0.10303030303030303 0.21691551718997915
0.21048847609219123 0.25501117830819
0.2623809523809524 0.20811703056861636
0.41650793650793644 0.27660906065489244
0.3185714285714286 0.23071858563981615
0.31181704260651627 0.2874024023206277
0.27746031746031746 0.25823479699770996
0.3744851227204168 0.23311905044993078
0.33892496392496396 0.2872218727901246
0.34984848484848485 0.2647758811101019
0.36158730158730157 0.2369826385519764
0.07333333333333333 0.14742229591663988
0.2265873015873016 0.21169398291786218
0.1304761904761905 0.2067368763777323
0.07777777777777779 0.15752718754175363
0.06666666666666668 0.13333333333333336
0.1 0.1527525231651947
0.09714285714285716 0.19803112515615381
0.10714285714285716 0.17276266603496893
0.7884920634920636 0.34062346502135527
0.7138888888888889 0.33008837200563934
0 0
0.10714285714285714 0.17276266603496893
0.17079365079365078 0.11371484406020697
0.7170940170940171 0.17298795231588632
0.07333333333333333 0.14742229591663988
0.05714285714285715 0.17142857142857143
0.15238095238095237 0.24907993963089564
0.14047619047619048 0.22142857142857145
0.15 0.18929694486000914
0.09714285714285716 0.19803112515615381
0.10666666666666669 0.1638427430325934
0.6984126984126984 0.3229534669251002
0.7403174603174604 0.37667118171997443
0.7062393162393161 0.20741392126836458
0.7836838599996494 0.1377679656061147
0.8067865467865467 0.10389904194211533
0.714971694971695 0.11059587507902154
0.7650566100566101 0.10302058702646918
0.5821744921744922 0.31716572551955735
0.7922743922743922 0.12280163766460668
0.7443489843489843 0.11790259731689294
0.8314019314019314 0.06778856297793857
0.7315240315240316 0.16693286211526187
0.7700466200466201 0.1013356850059955
0.13571428571428573 0.17627089541790095
0.7094444444444445 0.3104959195374115
0.7155844155844155 0.38334573838217284
0.7678571428571429 0.33244993485286395
0.1557936507936508 0.18729622335606957
0.13999999999999999 0.1841195263952197
0.1503968253968254 0.14226564051679988
0.16373737373737374 0.17807837305038077
0.16547619047619047 0.17693295936270198
0.13166666666666665 0.17206175319803135
0.09801587301587301 0.15671388056841615
0.10833333333333335 0.14826673494536133
0.14246031746031745 0.2085690276733598
0.14214285714285713 0.19588756666902113
0.11944444444444444 0.11983141450068328
0.14444444444444443 0.2111111111111111
0.07222222222222222 0.15723301886761007
0.12023809523809526 0.15699498012461593
0.10357142857142856 0.12722509378969196
0.1 0.16583123951777
0.30838915470494416 0.2876938636526201
0.14358585858585857 0.19948562182515273
0.14166666666666666 0.15287875450907792
0.125 0.16770509831248423
0.12944444444444442 0.2127139445880834
0.1572222222222222 0.13772960627419378
0.10793650793650793 0.13333333333333333
0.15634920634920635 0.16456727654962253
0.13569815805109925 0.1492876888269371
0.07857142857142857 0.12037356818823368
0.1488095238095238 0.15850430360251744
0.5019047619047619 0.3641048414961095
0.4854761904761905 0.300174646820987
0.4514285714285714 0.32936963087312193
0.44238095238095243 0.3882176260424918
0.4867460317460318 0.2751220096273759
0.4521428571428571 0.3467347689517162
0.05714285714285715 0.11428571428571431
0.06666666666666668 0.13333333333333336
0.09523809523809523 0.2086562123829204
0.10666666666666669 0.1638427430325934
0.11904761904761907 0.19430672155336348
0.11190476190476191 0.17819006897207296
0.1 0.1527525231651947
0.06666666666666668 0.13333333333333336
0.3359920634920635 0.23897522895252146
0.27499999999999997 0.28046780578641217
0.3072222222222222 0.24631919971481747
0.29063025210084037 0.2776556330954725
0.31666666666666665 0.2650995620097811
0.41670940170940163 0.23633803536221604
0.6812698412698414 0.3174863481391351
0.7019047619047619 0.33768721187102196
0.27563519813519816 0.26019753904005316
0.4258309990662932 0.21064579737213027
0.4177600177600177 0.2188660787190398
0.46230769230769225 0.18565772290898588
0.648989898989899 0.36820398708389773
0.16636363636363635 0.2383770115440886
0.07636363636363637 0.15294356978045884
0.06222222222222222 0.13063945294843618
0.2088888888888889 0.23183646854657733
0.18666666666666668 0.1880898130622118
0.14666666666666667 0.1808621328833405
0.17523809523809525 0.1779806099148695
0.1704761904761905 0.17428571428571432
0.12023809523809526 0.14892376567176718
0.09357142857142858 0.14716539355848743
0.11333333333333333 0.17397317800933185
0.03333333333333333 0.09999999999999999
0.755 0.32523922819296497
0.19714285714285712 0.25562337658672063
0.07333333333333333 0.14742229591663988
0.09166666666666667 0.15012854574301845
0.09 0.18138357147217055
0.14166666666666666 0.28394541729001366
0.24968253968253967 0.24190788649400619
0.203015873015873 0.27513797816637103
0.36357142857142855 0.32711556342787285
0.4121428571428571 0.24930390619026274
0.4162698412698413 0.2086596084524901
0.31621933621933623 0.25412283928437035
0.35634920634920636 0.19759227204341115
0.2188888888888889 0.21614181444278036
0.37523809523809526 0.2612596190790886
0.18000000000000002 0.2548201980482186
0.3334415584415584 0.307133800116014
0.515901875901876 0.3615656979583981
0.14666666666666667 0.2343786110832926
0.15071428571428572 0.27019361916361884
0.5057142857142858 0.13565662935675263
0 0
0.02857142857142857 0.0857142857142857
0 0
0.03333333333333334 0.10000000000000003
0.08358585858585858 0.13200309218071707
0 0
0 0
0.8048629148629148 0.19078489348816685
0.7774603174603174 0.20748138730280724
0.025 0.07500000000000001
0.056666666666666664 0.12476644848141935
0.01818181818181818 0.05454545454545454
0 0
0 0
0 0
0 0
0.7761904761904761 0.07276527042826728
0.7651875901875901 0.12477191011369172
0.7527777777777777 0.14038928797949748
0.7837301587301587 0.10023671278062371
0.776984126984127 0.18640490230659298
0.20368131868131867 0.2669958878521091
0.2578787878787879 0.3249368095664185
0.34476190476190477 0.39394049759609445
0.35428571428571426 0.271741256819049
0.6745299145299145 0.22436566534589386
0.5199705712244411 0.2295544088590548
0.09801587301587303 0.15671388056841612
0.14246031746031745 0.1458726056612019
0.1571428571428571 0.16563551007265004
0.10333333333333332 0.17156145643277027
0.7055411255411255 0.15871343149433378
0.6522261072261072 0.29503501406943755
0.11666666666666665 0.20816659994661327
0.13999999999999999 0.2835489375751565
0.6251048951048952 0.3333683788446304
0.5003574203574204 0.25989702735426523
0.5182469654528478 0.31705815516028113
0.36893939393939396 0.2669239700268991
0.3902597402597402 0.27676535388673223
0.34523809523809523 0.25544412438001407
0.3759018759018759 0.24485230152693924
0.5976767676767677 0.29646746432508747
0.4779255496825156 0.3503511557216122
0.3425685425685425 0.21296222828845962
0.7558730158730158 0.3066983781954263
0.7380952380952381 0.38288201767095603
0.7345238095238095 0.3241091925686203
0.7857142857142857 0.3335033579979643
0.16857142857142857 0.2265005393615339
0.10811688311688313 0.18021118446676712
0.24614845938375352 0.2206097006140519
0.40352941176470597 0.22330923108422526
0.39437962278519556 0.21887064782475063
0.38925711016672115 0.2019577165501105
0.43298269841613496 0.17973031152198063
0.4324681760415812 0.16253737865905707
0.5237590187590188 0.2486318412611232
0.7081746031746031 0.24482501039372123
0.7310270774976658 0.20221741028546858
0.7446528634763929 0.13207458153093887
0.7112087912087912 0.13428961302337533
0.7161369186369186 0.14839234088276995
0.7297377501725327 0.19397968722757167
0.631139971139971 0.16974891302011821
0.10190476190476191 0.15776500219746883
0.14898989898989898 0.22870759177262842
0.11111111111111112 0.22771001702132443
0.0625 0.1875
0.12833333333333333 0.23428970670233606
0.18061821219715957 0.19070342159925405
0.2186923190328763 0.24532276464585254
0.36746031746031743 0.26202041698425654
0.14469696969696969 0.24422743205359448
0.18133699633699632 0.24128617539298985
0.32827561327561333 0.25894304152413805
0.2907936507936508 0.2920296736804357
0.48618492618492615 0.28118771779464447
0.7630952380952382 0.339586332986209
0.48730158730158724 0.25636173737125256
0.7297619047619047 0.33094595745736133
0.7292063492063493 0.32437874027959457
0.3226750700280112 0.21100186480236177
0.26020923520923517 0.22497521982277086
0.6848412698412698 0.32913808395091304
0.7535714285714286 0.3251569479748611
0.1 0.1527525231651947
0.09047619047619049 0.18862192686036533
0.11666666666666667 0.18333333333333335
0.7428571428571429 0.3768830273792263
0.7864285714285715 0.3173623757647091
0.29199134199134197 0.3036906242693719
0.21581529581529582 0.20986074776984967
0.17973970473970474 0.1959765950026145
0.22004273504273503 0.22026276569639364
0.19674242424242427 0.19998968350343807
0.2273892773892774 0.17678655004824265
0.20222444222444222 0.1961108148568236
0.3357653457653458 0.17718904686273967
0.21617549117549117 0.19593861713053298
0.25697413697413696 0.1726426236772681
0.2829895104895105 0.21746072484485493
0.18508158508158506 0.1770164152413024
0.20241053064582476 0.13817099879281178
0.2273809523809524 0.25997394340042146
0.25793650793650796 0.2990126104268104
0.24874458874458877 0.17408672024576263
0.2561072261072261 0.18939229836118887
0.7238095238095238 0.37543625417956233
0.12380952380952381 0.1523809523809524
0.05357142857142858 0.10744006397493804
0.09047619047619047 0.138750497946033
0.11547619047619047 0.14266355931513341
0.06666666666666668 0.13333333333333336
0.09523809523809525 0.14599723539767517
0.11904761904761907 0.19430672155336348
0.11547619047619047 0.14266355931513341
0.08571428571428572 0.13093073414159542
0.07222222222222222 0.11055415967851333
0.11071428571428572 0.13594904507624486
0 0
0.07301587301587302 0.1502831794100905
0.058333333333333334 0.11814539065631521
0.06666666666666668 0.13333333333333336
0.15357142857142855 0.23093090229038868
0.10357142857142856 0.1693700814482768
0.07579365079365079 0.11664844366913275
0.10277777777777779 0.16294454862291627
0.075 0.16007810593582122
0 0
0.7073304473304473 0.19889176377340198
0.45499999999999996 0.2594920251397162
0.416984126984127 0.2687260334019887
0 0
0.20805194805194804 0.3286519073966449
0.21540126540126536 0.2454316379066481
0.1921978021978022 0.2377979575498948
0.18793650793650793 0.22572098308997562
0.26657856763119925 0.2628111198695493
0.22742812742812743 0.30200133112621674
0.7860317460317461 0.3123693377631729
0.7003174603174603 0.33764859834407546
0.7182034632034633 0.2382117561105622
0.06666666666666668 0.13333333333333336
0.7773809523809524 0.3461830253996142
0.12666666666666665 0.20537229067665816
0.08333333333333334 0.1707825127659933
0.6761904761904762 0.361068373539376
0.1019047619047619 0.15776500219746886
0.12380952380952381 0.19886298112210574
0.11904761904761907 0.19430672155336348
0.1 0.1527525231651947
0.12857142857142856 0.20888430544496273
0.06190476190476191 0.12426655572095134
0.10666666666666669 0.1638427430325934
0.08333333333333333 0.1707825127659933
0.04 0.12000000000000001
0.15025252525252525 0.19079699156593952
0.13523809523809524 0.1676190476190476
0.6031506075623724 0.23786687964605172
0.5968337510442774 0.1975140055285357
0.09833333333333334 0.15392097539538488
0.08857142857142856 0.19057378452174054
0.6742591629739967 0.2724980618412083
0.6248122568865603 0.24489837084700236
0.6563434114904703 0.1993100781773094
0.6357934978678013 0.17074768976017468
0.6549248120300752 0.21028764741464093
0.07333333333333333 0.14742229591663988
0.07333333333333333 0.14742229591663988
0.1 0.21343747458109497
0.21904761904761907 0.2858729718057835
0.09523809523809525 0.14599723539767517
0.11333333333333333 0.17397317800933185
0.06 0.18
0.03333333333333334 0.10000000000000003
0.06666666666666668 0.13333333333333336
0.10666666666666666 0.2215099696778153
0.05714285714285715 0.17142857142857143
0.08 0.16
0.08 0.16
0.05 0.15000000000000002
0.11333333333333333 0.17397317800933185
0.7023534798534798 0.15586598202731397
0.6923132423132423 0.26080358520153546
0.7198334998334996 0.12610531461630967
0.733969363969364 0.13650123590545352
0.464047619047619 0.28115095887797453
0.40570818070818077 0.22497515744070462
0.16565656565656567 0.25789047914719915
0.09714285714285716 0.19803112515615381
0.07333333333333333 0.14742229591663988
0.1396825396825397 0.17500674860111393
0.07333333333333333 0.14742229591663988
0.07857142857142858 0.16428571428571428
0.09 0.18138357147217055
0.20290704665704667 0.18565530775938302
0.16080055210489994 0.16297560123789628
0.21784419274956363 0.19815208940076592
0.18016982531428533 0.1562065813753661
0.04 0.12
0.12380952380952381 0.24853311144190265