0.974125874125874 0.039688010136119486
1.0 0.0
1.0 0.0
0.9666666666666666 0.1
0.3232034632034632 0.26808529441227225
1.0 0.0
1.0 0.0
0.9933333333333334 0.019999999999999997
1.0 0.0
0.9941176470588236 0.017647058823529415
0.9660606060606061 0.08204010307402529
0.965034965034965 0.0825056291119028
0.9756410256410255 0.052689032277011605
0.9571428571428571 0.12857142857142856
0.9583259798672094 0.05688207276289784
0.9797979797979798 0.04065578140908708
0.9464646464646463 0.10151892047880595
1.0 0.0
0.9866666666666667 0.026666666666666658
0.9833333333333334 0.050000000000000024
0.9923076923076923 0.023076923076923096
0.9755555555555556 0.03906310184721542
1.0 0.0
0.9947368421052631 0.01578947368421051
0.9947368421052631 0.01578947368421051
0.990909090909091 0.02727272727272728
0.990909090909091 0.02727272727272728
0.9811965811965813 0.03837597319768144
0.9571428571428571 0.12857142857142856
1.0 0.0
0.719047619047619 0.2820479044562524
0.9947368421052631 0.015789473684210513
0.9947368421052631 0.015789473684210513
0.9545454545454545 0.13636363636363635
0.9323076923076924 0.17891189858592776
1.0 0.0
0.9666666666666666 0.1
1.0 0.0
0.7390476190476191 0.22742569991008454
0.990909090909091 0.02727272727272728
0.975 0.07500000000000004
0.9846153846153847 0.030769230769230792
0.9815686274509805 0.028227123000671542
0.9634920634920634 0.056365971125602224
1.0 0.0
0.9857142857142858 0.04285714285714287
0.6104256854256854 0.3352871551414787
0.575036075036075 0.3274283235258816
0.5772222222222223 0.28549772436445786
0.36357142857142855 0.29136874969584453
0.9909090909090909 0.02727272727272728
0.8347186147186149 0.18862545057053468
0.9923076923076923 0.023076923076923096
0.7702741702741702 0.29979430698397713
0.8202741702741703 0.30150417083042425
0.3809090909090909 0.3085766666950859
0.8227272727272726 0.28905660173790265
0.5083694083694084 0.3399227123701985
0.3512987012987013 0.3030044825115728
0.8043650793650794 0.18535552445491382
0.9709090909090909 0.06308855117417261
0.9832167832167832 0.03371180641452855
0.9742424242424244 0.054228879297494814
0.9947368421052631 0.015789473684210513
1.0 0.0
0.9952380952380953 0.014285714285714303
0.9888888888888889 0.03333333333333331
0.9800000000000001 0.05999999999999999
0.990909090909091 0.02727272727272728
1.0 0.0
0.9800000000000001 0.05999999999999999
0.9746031746031747 0.051287283877471466
0.2985714285714286 0.3011395590313658
0.518974358974359 0.35665956969104656
0.45861360861360856 0.32682337813769785
0.5597619047619047 0.3317999595417809
0.8516883116883116 0.20362195151756407
0.5266666666666666 0.2966743100750441
0.9777777777777779 0.044444444444444425
1.0 0.0
0.41222222222222216 0.38740829261282617
0.9941176470588236 0.017647058823529415
0.9727272727272727 0.08181818181818182
0.5768145743145743 0.2829657680246243
0.6676984126984127 0.30273716676199147
0.6670995670995671 0.30390188509689553
0.42626984126984124 0.37892124698076013
0.9777777777777779 0.044444444444444425
0.7602380952380953 0.20814494884068446
0.3380952380952381 0.24056811067349698
0.9933333333333334 0.019999999999999997
0.9788544891640868 0.03429134647375712
0.9309444491980642 0.0502426926351039
1.0 0.0
1.0 0.0
1.0 0.0
1.0 0.0
0.9923076923076923 0.023076923076923096
0.9941176470588236 0.017647058823529415
0.9800000000000001 0.05999999999999999
0.9822222222222223 0.03691832827963587
0.9746031746031747 0.051287283877471466
0.9523809523809523 0.10432810619146024
0.4417748917748917 0.3434942182276296
0.44238095238095243 0.3363027601511185
0.4165367965367965 0.32324474440162
0.5447619047619048 0.23386673725361368
0.4366666666666667 0.3541656862731528
0.5126190476190475 0.28587108792524757
0.5219336219336219 0.2750050328544926
1.0 0.0
0.9857142857142858 0.04285714285714287
1.0 0.0
0.5763913863913864 0.29768546471141666
0.8412121212121212 0.3103811454707392
0.9787330316742082 0.032820249422241814
0.30904761904761907 0.2301576902001683
0.4640476190476191 0.34551294478114397
0.4972510822510823 0.27124810259414306
0.35380952380952385 0.26588362925985126
0.528997113997114 0.3127080887989785
0.7166666666666666 0.2517715013437559
0.2927272727272727 0.3205602304414562
0.9666666666666666 0.1
0.9857142857142858 0.04285714285714287
0.8745695970695971 0.09400210627131016
0.9138927738927738 0.06635460894925278
0.8792307692307691 0.10273351393262142
0.9203296703296704 0.06740588636076965
0.9110941999177292 0.04800679869129595
0.896614219114219 0.073698199119763
0.9136197136197136 0.05931986092755346
0.9216849816849816 0.06455991738546527
0.9010439560439562 0.07341275527427173
0.917978687978688 0.0536973965458104
0.8984731934731937 0.08244407020450199
0.7732034632034631 0.20771728898331027
0.9412698412698413 0.104581374031931
0.9857142857142858 0.04285714285714287
1.0 0.0
0.9036349924585219 0.0989402946386478
0.6060606060606061 0.3082306477876096
0.8748518148518147 0.16905837950611965
0.7473717948717948 0.21319253281635406
0.5701265401265401 0.3698524880498131
0.8798076923076923 0.15246381613541496
0.7523654123654123 0.19111682730053683
0.8122366522366521 0.1949482110905417
0.8276179376179377 0.16796376020556983
0.8052636252636253 0.18230145867113084
0.7378937728937729 0.26357069551151474
0.6846031746031747 0.3656352221083993
0.7952131202131201 0.1979184350390971
0.9032900432900434 0.10308034726266575
0.853974358974359 0.15970078036907992
0.7623556998556998 0.24358679732463998
0.9766666666666666 0.051747248987533426
0.8541200466200467 0.2062699570996328
0.678466810966811 0.29708949716404215
0.8631734931734932 0.16834996190162652
0.8505050505050505 0.19078238540215592
0.8176082251082251 0.22166570419980502
0.6975757575757575 0.30915881970688214
0.8723076923076922 0.1668590605514125
0.8916666666666666 0.1412248010954324
0.9717424242424244 0.04510986740992535
0.7670526695526696 0.18653017195334207
0.9555555555555555 0.10183501544346311
0.9688888888888888 0.06531972647421806
0.9888888888888889 0.03333333333333331
0.9555555555555555 0.10183501544346311
0.9688888888888888 0.06531972647421806
1.0 0.0
0.8097186147186146 0.20086786389633204
0.49936507936507935 0.3621999631461867
0.495988455988456 0.30661164679177516
0.6416666666666666 0.2959213484094117
0.4527777777777778 0.35487130339787776
0.3117748917748918 0.296000703519348
0.878131313131313 0.17954613646889214
0.4480519480519479 0.3280284998686445
1.0 0.0
0.9856410256410257 0.028809378267052606
0.9933333333333334 0.019999999999999997
0.9765501165501165 0.03623133544260305
0.978974358974359 0.03222618942228714
0.9842424242424244 0.031977953838237386
1.0 0.0
0.9400000000000001 0.18
0.9564253393665159 0.05201588560161588
0.9933333333333334 0.019999999999999997
0.9933333333333334 0.019999999999999997
0.9947368421052631 0.015789473684210513
1.0 0.0
0.9888544891640867 0.022333979934206098
0.7235714285714285 0.2187276389607666
0.7371428571428571 0.30170941554510927
0.72 0.25086516962969035
0.8702741702741703 0.18920654509875606
0.781060606060606 0.22129959999715895
0.7669841269841269 0.21619904185534347
0.965909090909091 0.07690420143494836
0.8365079365079365 0.16284159398529124
0.8619408369408369 0.18060461958766513
0.7695238095238096 0.233238075793812
0.780952380952381 0.14474937289114917
0.9857142857142858 0.04285714285714287
0.8333333333333333 0.11845088536983571
0.9888888888888889 0.03333333333333331
0.8939393939393939 0.14744222693877368
0.9746031746031747 0.051287283877471466
0.9555555555555555 0.10183501544346311
0.7727838827838828 0.2382778702204277
0.9832167832167832 0.03371180641452855
0.9888888888888889 0.03333333333333331
0.9888888888888889 0.03333333333333331
1.0 0.0
1.0 0.0
1.0 0.0
1.0 0.0
1.0 0.0
0.990909090909091 0.02727272727272728
0.9293650793650794 0.13187266814881057
0.9746031746031747 0.051287283877471466
0.9333333333333332 0.13333333333333336
0.9746031746031747 0.051287283877471466
1.0 0.0
0.9492063492063492 0.06301407378183876
0.990909090909091 0.02727272727272728
1.0 0.0
0.9832167832167832 0.03371180641452855
0.9651943584451323 0.03790289559352616
0.9797979797979799 0.04065578140908708
0.9933333333333334 0.019999999999999997
0.9833333333333332 0.050000000000000024
0.990909090909091 0.02727272727272728
0.9856410256410257 0.028809378267052602
0.9380952380952381 0.10658585374094949
0.950224044960887 0.03231740368790749
0.9888888888888889 0.03333333333333331
1.0 0.0
1.0 0.0
1.0 0.0
1.0 0.0
1.0 0.0
1.0 0.0
1.0 0.0
1.0 0.0
0.9923076923076923 0.023076923076923096
1.0 0.0
1.0 0.0
1.0 0.0
0.9797979797979798 0.04065578140908708
1.0 0.0
0.8217882117882118 0.22487333735201698
0.6044372294372293 0.3460809000425509
0.7560606060606061 0.29700061681953555
0.6291486291486291 0.35332075237145816
0.9923076923076923 0.023076923076923096
0.9933333333333334 0.019999999999999997
0.9923076923076923 0.023076923076923092
1.0 0.0
0.9933333333333334 0.019999999999999997
0.987450980392157 0.025159239109561474
0.987450980392157 0.025159239109561474
0.9766233766233766 0.04817464153504263
0.9833333333333332 0.050000000000000024
0.9655122655122655 0.053966903548938634
0.9833333333333332 0.050000000000000024
0.9660606060606061 0.08204010307402528
0.9882352941176471 0.02352941176470589
0.9575757575757574 0.06769184213238996
0.9857142857142858 0.04285714285714287
0.9857142857142858 0.04285714285714287
0.9857142857142858 0.04285714285714287
0.9857142857142858 0.04285714285714287
0.7854256854256856 0.17573962617773922
1.0 0.0
0.9769246646026832 0.028495801839745986
0.9868902691511388 0.02009796615354707
0.978544061302682 0.03195809609856724
0.964227424749164 0.0470847594793524
0.987304347826087 0.019413712924822222
0.9879484702093398 0.01846539351807348
1.0 0.0
0.9857142857142858 0.04285714285714287
1.0 0.0
0.9923076923076923 0.023076923076923096
0.9923076923076923 0.023076923076923096
0.9797586726998493 0.031184448867178163
0.9666666666666666 0.1
0.9797979797979798 0.04065578140908708
0.43952380952380954 0.30250691039875816
0.9933333333333334 0.019999999999999997
0.9866666666666667 0.026666666666666658
0.9593149540517961 0.04899882910918228
0.9448336080843822 0.04494150657120833
0.9345402298850575 0.06943159083053108
0.9442051632913703 0.0533661201135118
0.8755952380952381 0.13217958520045436
1.0 0.0
1.0 0.0
1.0 0.0
1.0 0.0
0.9632167832167833 0.06375858546424922
0.9857142857142858 0.04285714285714287
1.0 0.0
1.0 0.0
1.0 0.0
1.0 0.0
0.9923076923076923 0.023076923076923096
0.9857142857142858 0.04285714285714287
0.9857142857142858 0.04285714285714287
0.7126190476190476 0.23394489825491196
0.8547979797979799 0.17671272594660076
0.3838095238095239 0.30186269798597865
0.9857142857142858 0.04285714285714287
0.9857142857142858 0.04285714285714287
0.9888888888888889 0.03333333333333331
0.9808333333333333 0.04049176871085444
0.9798076923076924 0.041790988100193695
0.9798076923076924 0.041790988100193695
0.9947368421052631 0.01578947368421051
0.9723529411764705 0.05787768991260258
0.9680672268907562 0.0643063074612067
0.967124183006536 0.042962659144170495
0.9688544891640868 0.06043993899951409
0.9622368421052633 0.04912689910900626
0.9797635800731775 0.032248452071875065
0.955828173374613 0.05874049102677123
0.9680672268907562 0.06430630746120669
0.9564213564213564 0.055037974286797645
0.9457070707070707 0.0786748898442891
0.952829131652661 0.057815316048587986
0.9669486215538848 0.0390882166793792
0.9857142857142858 0.04285714285714287
0.5353174603174603 0.3108966806380313
0.7686460761460762 0.24143923265415068
0.6174603174603175 0.2674214563638436
0.8821178821178821 0.20436884543248807
0.7972943722943723 0.2965778915816285
0.47619047619047616 0.3283643239630345
0.4321428571428571 0.3281937961029329
0.6814285714285715 0.2087914690570963
0.6244444444444445 0.31452227749167266
0.7626082251082251 0.1636996920592712
0.7666233766233767 0.17969836715378615
0.450108225108225 0.35765490316723214
0.6310786435786435 0.2990345895422609
0.6259090909090909 0.3365033117710069
0.8362554112554113 0.16496861556705764
0.9714285714285715 0.05714285714285716
0.7256410256410256 0.22944091222703017
0.9403749191984486 0.078686522946954
0.7218614718614719 0.2119488654031867
0.7583333333333333 0.23821723065217557
0.9222222222222222 0.13193713430042134
0.9923076923076923 0.023076923076923096
0.990909090909091 0.02727272727272728
0.9797979797979798 0.04065578140908708
0.9620197552705292 0.04485322300576877
0.9833333333333334 0.04999999999999999
0.9846153846153847 0.030769230769230792
0.9369590643274854 0.1389791150453748
0.980952380952381 0.023328473740792194
0.9822134387351777 0.029801952167817093
0.968888888888889 0.06531972647421803
0.9857142857142858 0.04285714285714287
1.0 0.0
1.0 0.0
0.5368614718614719 0.281429800840475
0.9857142857142858 0.04285714285714287
0.4620129870129869 0.2786742738941914
0.30158730158730157 0.333843147549164
1.0 0.0
0.40714285714285714 0.2656208232964944
0.359047619047619 0.2791077458381406
0.794076479076479 0.24652193416635426
0.413997113997114 0.28125682493574095
0.8203379953379952 0.24080789180392148
0.4912698412698412 0.2838663786665546
0.8158297258297258 0.19399259785664844
0.9888888888888889 0.03333333333333331
0.8815873015873017 0.09839272710823406
0.9565501165501165 0.0630453355130979
0.9707070707070707 0.045048693173692436
0.975686274509804 0.02985547656576358
0.9805429864253394 0.030086244723763436
0.9544011544011545 0.057071391169693085
0.990909090909091 0.02727272727272728
0.9588062917474682 0.046588843658131644
0.975 0.049999999999999954
0.9632352941176471 0.04965277357686506
0.9647058823529413 0.08803899733585745
0.9798319327731093 0.04449815897436548
0.818131313131313 0.1938249938790639
0.7590836940836941 0.21910052853295042
0.7769408369408369 0.210173668418162
0.9857142857142858 0.04285714285714287
0.7289898989898991 0.31765711104897304
0.6675757575757576 0.3604603729132667
0.6579220779220779 0.322279285840899
0.4968542568542569 0.3450805175959468
0.4665873015873016 0.3308369198310636
0.780079365079365 0.19429325187681562
0.7178571428571427 0.24300940604958363
0.6838095238095238 0.32099053044431175
0.7307936507936508 0.2601075421522892
0.9777777777777779 0.044444444444444425
0.9777777777777779 0.044444444444444425
0.9830065359477125 0.035941770156516374
0.96 0.0997775303139718
0.9775438596491227 0.049327892689936745
0.9822222222222223 0.03691832827963587
1.0 0.0
0.9947368421052631 0.015789473684210513
0.9933333333333334 0.019999999999999997
0.8142857142857143 0.1993612248136123
0.6627272727272727 0.23085977362471197
0.78 0.26882460204874603
0.6746392496392497 0.3318768603357898
0.3657142857142857 0.2985380098256461
0.45619047619047615 0.34387283416562225
0.9698525394160825 0.02715851558578589
0.9733240236466043 0.031869432180700805
0.9558184436040662 0.043182267297853724
0.9688452134087564 0.02438813807765889
1.0 0.0
1.0 0.0