0.0 0.0
0.0 0.0
0.010526315789473684 0.03157894736842105
0.0 0.0
0.0 0.0
0.0 0.0
0.00975609756097561 0.029268292682926834
0.0 0.0
0.0 0.0
0.010810810810810811 0.032432432432432434
0.0 0.0
0.0 0.0
0.01111111111111111 0.03333333333333333
0.0 0.0
0.0 0.0
0.0 0.0
0.016 0.048
0.01 0.03
0.013333333333333332 0.039999999999999994
0.0 0.0
0.0 0.0
0.0 0.0
0.0 0.0
0.0 0.0
0.0 0.0
0.0 0.0
0.01263157894736842 0.037894736842105266
0.0 0.0
0.0 0.0
0.017391304347826087 0.05217391304347825
0.01132075471698113 0.03396226415094339
0.0 0.0
0.005405405405405405 0.016216216216216214
0.016666666666666666 0.049999999999999996
0.0 0.0
0.02857142857142857 0.0857142857142857
0.010526315789473684 0.03157894736842105
0.0 0.0
0.013333333333333332 0.039999999999999994
0.0 0.0
0.0 0.0
0.0 0.0
0.0 0.0
0.0 0.0
0.0125 0.037500000000000006
0.0125 0.037500000000000006
0.009523809523809523 0.02857142857142857
0.0 0.0
0.0 0.0
0.01818181818181818 0.05454545454545454
0.014285714285714285 0.04285714285714285
0.0 0.0
0.00606060606060606 0.01818181818181818
0.0 0.0
0.0 0.0
0.0125 0.037500000000000006
0.016666666666666666 0.049999999999999996
0.0 0.0
0.016666666666666666 0.049999999999999996
0.0 0.0
0.0 0.0
0.0 0.0
0.0 0.0
0.010526315789473686 0.031578947368421054
0.0 0.0
0.0 0.0
0.0 0.0
0.005 0.015
0.0 0.0
0.0 0.0
0.0 0.0
0.0 0.0
0.010526315789473686 0.031578947368421054
0.0 0.0
0.0 0.0
0.0 0.0
0.008695652173913044 0.026086956521739126
0.0 0.0
0.0 0.0
0.0 0.0
0.016666666666666666 0.049999999999999996
0.01818181818181818 0.05454545454545453
0.015384615384615382 0.04615384615384615
0.0 0.0
0.0 0.0
0.022222222222222223 0.06666666666666668
0.0 0.0
0.0 0.0
0.0 0.0
0.0 0.0
0.0 0.0
0.0 0.0
0.0 0.0
0.016666666666666666 0.049999999999999996
0.0 0.0
0.0 0.0
0.0 0.0
0.025 0.07500000000000001
0.0 0.0
0.0 0.0
0.0 0.0
0.00625 0.018750000000000003
0.0 0.0
0.0 0.0
0.0 0.0
0.009523809523809525 0.02857142857142857
0.014814814814814814 0.04444444444444444
0.012500000000000002 0.03750000000000001
0.02222222222222222 0.06666666666666667
0.0 0.0
0.0 0.0
0.0 0.0
0.0 0.0
0.01111111111111111 0.03333333333333333
0.0 0.0
0.0 0.0
0.0 0.0
0.0 0.0
0.0 0.0
0.0 0.0
0.0 0.0
0.0 0.0
0.0 0.0
0.0 0.0
0.01666666666666667 0.05000000000000002
0.0 0.0
0.0 0.0
0.010526315789473686 0.031578947368421054
0.0 0.0
0.0 0.0
0.0 0.0
0.015384615384615382 0.04615384615384615
0.01111111111111111 0.03333333333333333
0.019999999999999997 0.05999999999999999
0.0 0.0
0.0 0.0
0.008333333333333333 0.024999999999999998
0.0 0.0
0.0 0.0
0.0 0.0
0.0 0.0
0.0 0.0
0.0 0.0
0.0 0.0
0.0 0.0
0.0 0.0
0.0 0.0
0.0 0.0
0.0 0.0
0.011111111111111112 0.03333333333333334
0.0 0.0
0.0 0.0
0.019999999999999997 0.05999999999999999
0.008333333333333333 0.024999999999999998
0.0 0.0
0.0 0.0
0.0 0.0
0.0 0.0
0.0 0.0
0.0 0.0
0.0 0.0
0.0 0.0
0.0 0.0
0.014285714285714285 0.04285714285714285
0.01818181818181818 0.05454545454545453
0.009090909090909092 0.02727272727272728
0.016666666666666666 0.049999999999999996
0.01904761904761905 0.05714285714285714
0.0 0.0
0.0 0.0
0.0 0.0
0.0 0.0
0.00425531914893617 0.01276595744680851
0.02105263157894737 0.06315789473684211
0.0 0.0
0.0 0.0
0.0 0.0
0.011111111111111112 0.03333333333333334
0.014814814814814817 0.04444444444444445
0.0 0.0
0.0 0.0
0.013333333333333336 0.04
0.0 0.0
0.0 0.0
0.004081632653061224 0.012244897959183671
0.013333333333333336 0.04
0.014285714285714287 0.04285714285714286
0.014285714285714287 0.04285714285714286
0.008 0.024
0.0125 0.037500000000000006
0.01818181818181818 0.05454545454545453
0.016666666666666666 0.049999999999999996
0.02 0.06
0.0 0.0
0.0 0.0
0.0 0.0
0.0 0.0
0.006060606060606061 0.01818181818181818
0.0 0.0
0.007407407407407407 0.02222222222222222
0.0 0.0
0.0 0.0
0.0 0.0
0.0 0.0
0.0 0.0
0.01818181818181818 0.05454545454545454
0.008695652173913044 0.026086956521739126
0.0 0.0
0.0 0.0
0.0 0.0
0.0 0.0
0.0 0.0
0.0 0.0
0.00851063829787234 0.02553191489361702
0.0 0.0
0.007692307692307691 0.023076923076923075
0.011111111111111112 0.03333333333333334
0.0 0.0
0.0 0.0
0.0 0.0
0.025 0.07500000000000001
0.0 0.0
0.0 0.0