0.12595124174071542 0.13685598905666516
0.025 0.07500000000000001
0.0767253308632619 0.04760967381358811
0.10993589743589745 0.1002754465827838
0.11454545454545453 0.12413003046326024
0.05357142857142857 0.10744006397493802
0.07718614718614718 0.09454649516576834
0.050793650793650794 0.10257456775494293
0.10066993464052287 0.09983551687953349
0.0810010104837691 0.09154105468467122
0.046153846153846156 0.07050116453778216
0.06062271062271063 0.09814679794053782
0.0908882783882784 0.10181182816845376
0.07671445771290972 0.08476109493045131
0.07035714285714285 0.05849939918679011
0.09047619047619047 0.138750497946033
0.08543638508034793 0.0738947509481053
0.0869047619047619 0.10375599318809965
0.09588827838827839 0.1347367351294449
0.11746031746031745 0.20916274806386198
0.05064935064935065 0.07801941971883422
0.07301587301587302 0.15028317941009048
0.03636363636363636 0.07272727272727272
0.12624042624042625 0.11367620813040727
0.05357142857142857 0.10744006397493802
0.10071428571428571 0.09573560530152289
0.11243448741935622 0.05643965910478139
0.13403263403263405 0.15609450549335463
0.12787878787878787 0.1388778324341138
0.05989255189255188 0.055737357262732316
0.11926608034366655 0.06735701087541433
0.09505494505494506 0.1039526945382711
0.15516683866529069 0.0740999968574469
0.07818181818181817 0.09588215907952878
0.053030303030303025 0.11484208825234664
0.09350649350649351 0.14424356755236178
0.12782030834662414 0.11361516800565125
0.08714285714285715 0.09595090392340669
0.14434065934065937 0.15181072092750222
0.07984126984126985 0.07689505565560217
0.085 0.1379311422413372
0.06222222222222222 0.09521904571390465
0.07468975468975468 0.09330762884041204
0.07538461538461538 0.09318810905174035
0.09945970695970696 0.09157430814683203
0.11362637362637362 0.10447844537852093
0.013859020310633213 0.027800314594502242
0.025 0.07500000000000001
0.07357142857142858 0.11401977988086819
0.01818181818181818 0.05454545454545453
0.16046620046620047 0.1416061641886462
0.09166666666666666 0.15012854574301845
0.05971747550694919 0.06490367506461055
0.025 0.07500000000000001
0.11890142021720969 0.1093538930357076
0.11395604395604395 0.11839793984622538
0.135 0.1817278184538625
0.10484848484848483 0.15521068947312153
0.10249084249084248 0.09008335176080437
0.03333333333333334 0.10000000000000002
0.09714285714285716 0.1512937405128426
0.19047619047619052 0.20805158574998026
0.08505835667600373 0.08569749187200297
0.07666666666666666 0.09433981132056603
0.20326195390436874 0.08631810949518254
0.02857142857142857 0.0857142857142857
0.0921135265700483 0.06331000839014987
0.04821349786867028 0.044258497054662414
0.055384615384615386 0.06806424624835718
0.09369047619047619 0.09851656225502774
0.0869047619047619 0.13405945985088186
0.09107875457875457 0.055677475208161346
0.08334967320261437 0.07405153944842424
0.15454545454545454 0.17569225536443353
0.19841269841269843 0.18391476549613442
0.02967032967032967 0.05939151260163367
0.14606060606060606 0.1366313869669028
0.10436507936507936 0.12892917600878342
0.04531733746130031 0.07297297399990113
0.08426368952684742 0.07717139561346037
0.09444444444444444 0.11600340565456167
0.0611111111111111 0.09444444444444443
0.08637869376999811 0.08451556675209312
0.06818181818181818 0.11200854289864375
0.10357142857142856 0.1693700814482768
0.075 0.16007810593582122
0.06857142857142857 0.13950349275124233
0.09638694638694638 0.12541144569196302
0.10854700854700854 0.13664793038237016
0.02857142857142857 0.0857142857142857
0.07857142857142858 0.1203735681882337
0.14511437908496733 0.10215770560915823
0.0804040404040404 0.0988900754151328
0.065 0.13425721582097555
0.0 0.0
0.0904040404040404 0.11212121212121212
0.0804040404040404 0.0988900754151328
0.025 0.07500000000000001
0.09537062937062937 0.08451385073550616
0.05 0.15000000000000002
0.08333333333333333 0.10318986456114838
0.03835978835978836 0.05450364683456113
0.12472527472527475 0.0932356764212419
0.06818181818181819 0.10562681853292955
0.13071428571428573 0.13286674312472413
0.05295450785773366 0.04553101471765837
0.06 0.0916515138991168
0.0653846153846154 0.0801564052940543
0.04722222222222222 0.09464847243000456
0.08444444444444446 0.16918103387266029
0.1465873015873016 0.15761275343496628
0.07454545454545454 0.12235971897011809
0.05357142857142857 0.10744006397493802
0.09857142857142857 0.12225767368762666
0.07333333333333333 0.1171893055416463
0.07688375350140056 0.08428561915787869
0.15079365079365079 0.12394681033162258
0.05386996904024768 0.07162617487042593
0.05909090909090908 0.07959089611131194
0.07990342990342991 0.08045836767293929
0.13841991341991342 0.1441568597782821
0.11116252168883749 0.12016436857006645
0.11527583527583526 0.12517279077637053
0.11767399267399267 0.1052501892763725
0.09675324675324677 0.10218215600645777
0.07395604395604397 0.09806216563677933
0.057163742690058486 0.07432366639831671
0.04714052287581699 0.05781872615506624
0.08890522875816993 0.10398722722337363
0.08009803921568627 0.0941868618044091
0.12325163398692811 0.12637696983399063
0.11457875457875458 0.10469692392867709
0.0699122807017544 0.0999367297535393
0.098010878010878 0.09971489372559005
0.11456876456876457 0.10229628362189566
0.0404040404040404 0.08131156281817417
0.07320611916264091 0.05567908991653493
0.06722222222222222 0.10329300288230779
0.09041444190185607 0.08802191175894489
0.06999999999999999 0.10770329614269007
0.05818181818181818 0.0889980963674212
0.09444444444444444 0.1611111111111111
0.16114219114219114 0.15115309260680068
0.02583333333333333 0.051700257897486994
0.09272727272727271 0.1234356659817722
0.09357142857142857 0.14716539355848743
0.12666666666666665 0.1370050012604298
0.15805555555555556 0.12410450842876614
0.0741025641025641 0.09555849880029067
0.13922077922077922 0.13514125382922532
0.04605042016806723 0.07283033827916618
0.04 0.12
0.18488400488400486 0.12262560671567505
0.08722222222222223 0.13993053832368244
0.1093939393939394 0.12101840581272977
0.0984313725490196 0.0896717734599048
0.07454545454545454 0.12235971897011809
0.1007936507936508 0.12426655572095134
0.11636363636363636 0.19920503163348857
0.10516683866529068 0.10717059313999332
0.08695970695970696 0.09567443016064228
0.10484848484848483 0.13614258177060623
0.11494949494949495 0.12473810949183076
0.1392929292929293 0.09250722112687346
0.17222222222222222 0.13102162671355697
0.09303030303030302 0.12388010732855996
0.1435209235209235 0.12782015555679624
0.1696969696969697 0.15341834988893807
0.022222222222222223 0.06666666666666668
0.06136363636363636 0.12533014253602034
0.07222222222222222 0.11055415967851333
0.045 0.09069178573608527
0.034328817733990144 0.04620673612797364
0.05429864253393666 0.08556703459600228
0.07246753246753249 0.0899725413032481
0.09722222222222222 0.16351180725290487
0.025 0.07500000000000001
0.10769005847953217 0.08982233412808818
0.1619981325863679 0.1213621545407527
0.14380952380952378 0.15600227401744585
0.1427063983488132 0.12156976689089677
0.1149579831932773 0.08931026300628002
0.14714285714285716 0.2280395597617364
0.05429864253393666 0.08556703459600228
0.06760103819058212 0.07431449384701938
0.05428571428571429 0.08934632863139536
0.12067226890756304 0.08959179589472985
0.09366946778711485 0.08578119356356173
0.07192406788058962 0.05451494814435433
0.07443609022556393 0.1027327436628586
0.15426767676767675 0.14046772273186672
0.04222222222222222 0.08459051693633013
0.09222222222222223 0.11372481406154654
0.08787878787878786 0.0880353881595997
0.10571428571428569 0.13158375931050803
0.05636363636363636 0.11851700718350736
0.06341991341991342 0.07837799523218637
0.039285714285714285 0.058166062410365475
0.05934065934065934 0.09682809130510193
0.07380952380952381 0.09785105994302151
0.10357142857142856 0.1693700814482768
0.08915750915750917 0.07305469380155416
0.15066993464052286 0.12315966489284033
0.08969696969696969 0.11694928382091913
0.073015873015873 0.11273194225120448
0.022222222222222223 0.06666666666666668
0.17111111111111113 0.1647444710475612
0.06944444444444445 0.10632032893891465
0.11613777089783281 0.11065478615820988
0.0810714285714286 0.08922132598957422
0.013793103448275862 0.04137931034482758
0.10714285714285714 0.1727626660349689
0.07688375350140056 0.11555979230176458
0.020697167755991286 0.031859719052626814
0.14960039960039961 0.11372878548557029
0.0413005257832844 0.045810459930610795
0.051515151515151514 0.07878787878787878
0.07845238095238097 0.10396947321470962
0.06576441102756894 0.08930744228431658
0.09523809523809525 0.14599723539767517
0.05714285714285714 0.11428571428571428
0.11444444444444443 0.11523459699968153
0.05714285714285714 0.11428571428571428