0.9163775380480186 0.05315689695483445
0.7954345654345654 0.08310002119672555
0.8418529720211427 0.03476299759841882
0.8839183831080453 0.0724644922738804
0.8464679421026171 0.09001906701196734
0.7915850815850816 0.1252109548376245
0.8463969992575306 0.09889313172810701
0.828018648018648 0.13429336351308852
0.863172185619349 0.05589245667372914
0.850608839280393 0.05084417205589449
0.878741389045737 0.06653006532701329
0.842608695652174 0.0765939671492464
0.9095309617918312 0.06814827233548261
0.8659602734846363 0.07886488092559787
0.8903930934965418 0.04478644924149673
0.8572283272283272 0.1733333440846117
0.9063198846242324 0.067511395823566
0.8787287350330828 0.06470790495968046
0.9088425609478241 0.05869453011855429
0.866926406926407 0.11195648866874389
0.8613558405818468 0.08040200911579296
0.8361460761460761 0.0911999266012057
0.8303011204481793 0.11320961015319457
0.8718546365914787 0.05784840784412377
0.7893006993006992 0.10842205502655435
0.878415129736719 0.054965321355599686
0.8687367863136984 0.049716077956604064
0.8474623948462957 0.07490055589397467
0.9048185414516686 0.05168943173635159
0.8448609353692538 0.05016700087563952
0.8293991178671243 0.06904746364033802
0.8850877192982457 0.03301071570088228
0.8477704637882614 0.042102544200245944
0.8429084967320261 0.06937571377719857
0.8466900093370683 0.07362128210567752
0.8354545454545456 0.0934400216674818
0.8393263137492838 0.05133839539994872
0.8658155660764356 0.05420497366598006
0.881941391941392 0.06683271395449793
0.8605162222538384 0.030805088270103136
0.8214581986640811 0.07823374354397318
0.8530031243266537 0.10348125328050001
0.9007997557997559 0.08069064168751557
0.7995793405081331 0.08863154374783769
0.8530512160946943 0.0670903189720856
0.8370063993977037 0.07523307331986291
0.7824461802137401 0.07269971524979466
0.8156832056832057 0.15109963703701837
0.8774392274392273 0.07738831914766203
0.8805830753353974 0.08879125015725008
0.8401442331318492 0.08547520552025181
0.7885203032261856 0.10177502732509851
0.8636000878647938 0.06095000271665271
0.780909090909091 0.13659777878151635
0.8447520715596355 0.07742100235800949
0.8751380889641759 0.061467106489667356
0.8268065268065268 0.15084059992274765
0.8209920634920636 0.07367701238646293
0.8539379003909897 0.03532139593187726
0.8966666666666667 0.05922336876105079
0.8342424242424242 0.12909565126207037
0.8532828282828282 0.10976834415547518
0.8908845218967578 0.07520589403962386
0.8321148459383754 0.08414699905747586
0.8809157930192413 0.05953700384583205
0.846867576867577 0.10031251953265448
0.8781033263570887 0.054529170382178166
0.8371023846886839 0.052326672823336653
0.9051960599786687 0.05203458582102077
0.8829059722275614 0.07946693778526195
0.9228632478632479 0.07635384110221892
0.8833982655650269 0.05985501132373499
0.8451697155479134 0.0979850918224685
0.8343298368298369 0.07942306153014789
0.8355772005772005 0.12612678922770149
0.8808929041972519 0.07193661645054818
0.8971861025111799 0.06096028954233523
0.8004079254079253 0.11181436052720851
0.9103005573506131 0.05725689667512041
0.8941741212614078 0.05796515815266945
0.8799800199800198 0.08707992300814696
0.8507522482677281 0.0838245232985941
0.8217753127505449 0.05344594629066387
0.9003869969040249 0.057513312840157586
0.8063003663003663 0.11335227423881578
0.8124508824508825 0.07981261985448355
0.7510606060606059 0.1429167018046845
0.8768266253869971 0.06798178622362383
0.8749906629318394 0.0688598365143083
0.8205594405594405 0.11732709777345378
0.7677888777888777 0.11966356847081663
0.8489549071618038 0.04993467325123927
0.8518418148758705 0.06225680446466275
0.8540093240093238 0.10369481881858054
0.8204112554112554 0.08074005363009137
0.8597802197802198 0.1160358157503019
0.8480749668288368 0.0941818989907174
0.8694871794871795 0.09482639246238002
0.8385012893905449 0.06739818608972613
0.8949689199689199 0.10396440436389548
0.8157395545630839 0.1189732726264869
0.872555359444213 0.04668960305331086
0.8950879737513201 0.06746349136172045
0.7623776223776224 0.08408576473610141
0.8435497835497836 0.09291624674271762
0.8270848430051492 0.04723995912118963
0.820219421101774 0.09222217353748625
0.8390893901420219 0.07055004492409268
0.8414862914862915 0.13520933146063124
0.7920745920745921 0.1323749933552263
0.8316117216117217 0.15399504830476526
0.8704694428378639 0.05441162308715734
0.8519880119880121 0.11051558621620654
0.8545221445221447 0.11154309908932228
0.8720700034399727 0.059239060476061124
0.8162284543154108 0.08300901245165372
0.8033266733266734 0.20219892615306514
0.8654635330553834 0.05613167427522171
0.9247452121765514 0.05253576126459097
0.8901049725763684 0.079179190994942
0.8363492063492064 0.21117966424845144
0.8923945733899968 0.07029705598254103
0.8995460887357509 0.06413208950842983
0.9110641887987427 0.049182768427505213
0.8935287989406984 0.06383665551947058
0.913008658008658 0.08051473534870471
0.8844592415782626 0.06384219641647679
0.9046576714596737 0.04298332776189729
0.8926225147928186 0.06703992090835377
0.8688371366819643 0.07160713742801135
0.8446399693925931 0.07759353560284842
0.8389878237704325 0.04294246003014288
0.9033151586599862 0.058823586773064734
0.8657539682539681 0.03970556871458781
0.8682564253771685 0.07692510369365002
0.8709932920536636 0.0775294284948057
0.8220839713880362 0.06066527561791251
0.8528205128205129 0.0845080904825211
0.8567579445571333 0.06371298973224425
0.8255064380064379 0.08435646227613355
0.8542880485527545 0.07866745213396271
0.8878787878787879 0.07984910777362293
0.8543984962406016 0.06717968325524365
0.8653260254350353 0.06250883405367301
0.8597748046587055 0.07083706463929652
0.8361241699476993 0.11481507676468378
0.9080860805860806 0.0586668668153063
0.8621588832623315 0.04316172340631231
0.8206734120040082 0.07493788430508422
0.8845997346306944 0.07572555120015541
0.8747154920743933 0.08464207931426557
0.819527972027972 0.138933733625026
0.8570356604180134 0.11109162114772057
0.8210439560439561 0.19872040392804763
0.8746628826969385 0.08346602808979364
0.8839484675792992 0.04776193753697091
0.8830298786181141 0.070973864383829
0.8404939668174961 0.08005973731694212
0.8701616031027795 0.0794268947755421
0.8372881192881193 0.0592747467705313
0.8802823263692829 0.049886945145445324
0.8805452356381149 0.07735880532592537
0.8880882352941178 0.06138697521985911
0.8525906772965598 0.07297995646518529
0.8465779645191411 0.10744154189581591
0.8400566366897637 0.09629877984392933
0.8438515406162466 0.07727921863474058
0.8328754578754578 0.11311482432367857
0.7896381396381396 0.09337917918243867
0.8517808172219936 0.07320657214557573
0.8545307633542928 0.09230403843911529
0.8563320992732757 0.08464013775402916
0.8491772857754102 0.04339850528946434
0.8944630548703774 0.08474572765487483
0.8398712561947856 0.09901343247120398
0.8104112554112554 0.09650361717007899
0.8399844599844599 0.08249444144709711
0.8495035998484275 0.0983073872345399
0.8999494949494948 0.06494464455552297
0.8657686757686758 0.10313441622772625
0.8735646299501791 0.061645928959684834
0.9067359307359307 0.050585797253320595
0.8437412587412588 0.09649633220594175
0.9117019019627717 0.05223502831103948
0.8625094447067652 0.04555206312901114
0.8440389176041352 0.07654090803790005
0.8546515883472405 0.08460635645498432
0.8627103910582173 0.08050505376565426
0.8321454274350277 0.04675064808986342
0.8632354988007162 0.054106902214928296
0.9698529411764707 0.04113048903219702
0.8336347089443065 0.10110684152260177
0.8231943056943056 0.06888931244473083
0.8844926040591675 0.07193214876733516
0.8650616050616049 0.11288414413537297
0.8485084033613445 0.0518479946625334
0.8817051988259419 0.06904890323245505
0.8819482875892675 0.06518759033553459
0.863184931011018 0.07379237298510757
0.8563071710897798 0.04155306933828208
0.8762037962037962 0.09307203731162865
0.8367814793901751 0.0644184600810692
0.8757734411182687 0.0891930937578694
0.8638211951447244 0.09881873331283621
0.8517246642246642 0.05378470403045173
0.8104870129870131 0.0781406334033045
0.8476337903582485 0.09999079617752854
0.8576290376290376 0.10256627807112761
0.852904024178387 0.07564718724727137
0.8349742351046701 0.06842701453885408
0.7911070974180606 0.0611460671267641
0.8393073593073593 0.09281142983204173
0.8290787328613416 0.0679898688184222
0.7627751303281177 0.0813965529297116
0.8968578395923934 0.06979205539760223
0.7808919587224852 0.07284824509051091
0.8916941864465084 0.08191724511756589
0.8384875545910028 0.10135757863704849
0.8499326325848064 0.055416673362653414
0.8691414141414141 0.07961763600140873
0.8348834498834499 0.1157786125971973
0.8566526120937885 0.10620107596374763
0.8026612276612276 0.14558402038554374