0.0 0.0
0.0 0.0
0.0 0.0
0.0 0.0
0.03636363636363636 0.10909090909090906
0.0 0.0
0.0 0.0
0.0 0.0
0.0 0.0
0.0 0.0
0.0 0.0
0.0 0.0
0.09934065934065935 0.13794356280209819
0.02426470588235294 0.04855725582676193
0.0 0.0
0.02857142857142857 0.0857142857142857
0.0 0.0
0.0 0.0
0.015384615384615385 0.04615384615384615
0.06190476190476191 0.12426655572095133
0.0 0.0
0.0 0.0
0.0 0.0
0.0 0.0
0.0 0.0
0.0 0.0
0.0 0.0
0.0 0.0
0.019999999999999997 0.05999999999999999
0.0 0.0
0.0 0.0
0.0 0.0
0.0 0.0
0.019999999999999997 0.06
0.0 0.0
0.02857142857142857 0.0857142857142857
0.0 0.0
0.0 0.0
0.02222222222222222 0.06666666666666667
0.0 0.0
0.0 0.0
0.0 0.0
0.019999999999999997 0.06
0.0 0.0
0.0 0.0
0.0 0.0
0.0 0.0
0.0 0.0
0.0 0.0
0.0 0.0
0.0 0.0
0.04 0.12
0.0 0.0
0.0 0.0
0.0 0.0
0.0 0.0
0.0 0.0
0.0 0.0
0.0 0.0
0.0 0.0
0.0 0.0
0.0 0.0
0.011764705882352941 0.03529411764705882
0.01818181818181818 0.05454545454545454
0.0 0.0
0.0 0.0
0.0 0.0
0.0 0.0
0.0 0.0
0.0125 0.037500000000000006
0.05 0.15000000000000002
0.0 0.0
0.0 0.0
0.0 0.0
0.0 0.0
0.0 0.0
0.0 0.0
0.0 0.0
0.02361111111111111 0.04732423621500228
0.011764705882352941 0.03529411764705882
0.0 0.0
0.02222222222222222 0.06666666666666667
0.0 0.0
0.0 0.0
0.0 0.0
0.0 0.0
0.0 0.0
0.0 0.0
0.0 0.0
0.1571428571428571 0.20404081224408138
0.1571428571428571 0.20404081224408138
0.0 0.0
0.0 0.0
0.025 0.07500000000000001
0.0 0.0
0.0 0.0
0.019999999999999997 0.05999999999999999
0.0 0.0
0.0 0.0
0.0 0.0
0.0 0.0
0.0 0.0
0.0 0.0
0.0 0.0
0.02857142857142857 0.0857142857142857
0.0 0.0
0.0 0.0
0.0 0.0
0.0 0.0
0.02857142857142857 0.0857142857142857
0.025 0.07500000000000001
0.019999999999999997 0.05999999999999999
0.0 0.0
0.0 0.0
0.0 0.0
0.0 0.0
0.0 0.0
0.0 0.0
0.021637426900584796 0.04329460589211603
0.032051282051282055 0.0641666346473959
0.04 0.12
0.0 0.0
0.0 0.0
0.0 0.0
0.0 0.0
0.0 0.0
0.011764705882352941 0.03529411764705882
0.0 0.0
0.0 0.0
0.011764705882352941 0.03529411764705882
0.0 0.0
0.0 0.0
0.0 0.0
0.0 0.0
0.0 0.0
0.01818181818181818 0.05454545454545454
0.0 0.0
0.0 0.0
0.0 0.0
0.025 0.07500000000000001
0.019999999999999997 0.05999999999999999
0.05714285714285714 0.11428571428571428
0.0 0.0
0.0 0.0
0.0 0.0
0.0 0.0
0.0 0.0
0.0 0.0
0.0 0.0
0.0 0.0
0.0 0.0
0.0 0.0
0.0 0.0
0.025 0.07500000000000001
0.039999999999999994 0.07999999999999999
0.0 0.0
0.02222222222222222 0.06666666666666667
0.02222222222222222 0.06666666666666667
0.0 0.0
0.0 0.0
0.0 0.0
0.019999999999999997 0.05999999999999999
0.019999999999999997 0.05999999999999999
0.0 0.0
0.0 0.0
0.0 0.0
0.0 0.0
0.0 0.0
0.0 0.0
0.0 0.0
0.025 0.07500000000000001
0.0 0.0
0.0 0.0
0.0 0.0
0.0 0.0
0.13571428571428573 0.17627089541790095
0.0 0.0
0.0 0.0
0.014285714285714287 0.04285714285714286
0.0 0.0
0.0 0.0
0.028571428571428574 0.05714285714285714
0.0 0.0
0.0 0.0
0.0 0.0
0.0 0.0
0.0 0.0
0.0 0.0
0.0 0.0
0.0 0.0
0.07636363636363636 0.09370253619436456
0.0 0.0
0.025 0.07500000000000001
0.038181818181818185 0.07647178489022942
0.0 0.0
0.0 0.0
0.0 0.0
0.0 0.0
0.0 0.0
0.0 0.0
0.0 0.0
0.0 0.0
0.0 0.0
0.0 0.0
0.0 0.0
0.0 0.0
0.0 0.0
0.07301587301587302 0.1502831794100905
0.0 0.0
0.0 0.0
0.0 0.0
0.05357142857142857 0.10744006397493802
0.0 0.0
0.0 0.0
0.06410256410256411 0.10446948096135059
0.0 0.0
0.0 0.0
0.0 0.0
0.0 0.0
0.06666666666666668 0.13333333333333336
0.0 0.0
0.0 0.0
0.0 0.0