0.06580086580086582 0.08107035873800954
0.05357142857142857 0.10744006397493802
0.043424838252424464 0.04776338460657536
0.09047619047619049 0.0980536203903524
0.09454545454545453 0.12486025246101377
0.0 0.0
0.06831887410834779 0.045413721459564134
0.07357142857142858 0.11401977988086819
0.021764705882352943 0.04370790114884688
0.022242572242572246 0.033998307060662744
0.02761904761904762 0.055279130898786485
0.045054945054945054 0.06888102832621898
0.15970426632191334 0.15518549676457852
0.057817337461300314 0.07482226605668756
0.06102941176470589 0.061082542429235685
0.06190476190476191 0.12426655572095133
0.08705882352941177 0.10767973360310222
0.013333333333333332 0.039999999999999994
0.126007326007326 0.14197060434359454
0.1007936507936508 0.12426655572095131
0.09636363636363639 0.09996142506675969
0.05357142857142857 0.10744006397493802
0.01818181818181818 0.05454545454545453
0.10897435897435899 0.12071042174211706
0.04857142857142857 0.0990155625780769
0.03833333333333333 0.05859465277082315
0.043443083098255515 0.04705857314259281
0.10303030303030306 0.1349761057655763
0.07858585858585858 0.09681996014869863
0.03768857451616073 0.03777994713380053
0.04610930134011335 0.0418376322819971
0.05934065934065935 0.10013877582324851
0.07729925303454714 0.06672889394083935
0.14757575757575755 0.1369351659341803
0.03666666666666667 0.07371114795831994
0.05714285714285714 0.11428571428571431
0.08107389686337055 0.08159825550692856
0.02967032967032967 0.05939151260163366
0.10358585858585859 0.1329713578250465
0.07965524813350902 0.13477574373844267
0.0611111111111111 0.09444444444444443
0.06944444444444445 0.10632032893891465
0.07929292929292928 0.09835007613503803
0.056666666666666664 0.08698658900466591
0.045054945054945054 0.06888102832621898
0.02967032967032967 0.05939151260163367
0.019784946236559138 0.03022710508527157
0.025 0.07500000000000001
0.02857142857142857 0.0857142857142857
0.03901515151515152 0.06356530123157725
0.07888888888888887 0.09742993683972391
0.17205128205128206 0.1611104536475737
0.07034556087187666 0.061708359018994054
0.13571428571428573 0.17627089541790092
0.0125 0.037500000000000006
0.08586466165413535 0.1163153655516563
0.12079365079365079 0.1225170634605738
0.04395604395604395 0.09272537630650102
0.07267399267399266 0.07288092363787899
0.09333333333333334 0.19595917942265426
0.03333333333333334 0.10000000000000003
0.16499999999999998 0.16839932699786345
0.09381133994406303 0.15736329198010424
0.15826839826839825 0.08533173629528204
0.05166666666666666 0.08447550598316124
0.05357142857142857 0.10744006397493802
0.06295238095238095 0.057503938542032104
0.06634210015049838 0.05656643120792396
0.02761904761904762 0.055279130898786485
0.079703302373581 0.1268868640540134
0.06190476190476191 0.12426655572095134
0.06374074074074074 0.04796101812158766
0.013333333333333332 0.039999999999999994
0.04722222222222222 0.09464847243000456
0.1019047619047619 0.15776500219746886
0.015384615384615385 0.046153846153846156
0.10484848484848486 0.15521068947312155
0.06857142857142857 0.13950349275124233
0.10241228070175439 0.0950643491148183
0.07627794977640179 0.07276795724290938
0.09444444444444444 0.1527525231651947
0.09858585858585858 0.12822730047729747
0.06262626262626263 0.13222681351073592
0.039999999999999994 0.07999999999999999
0.07579365079365079 0.11664844366913275
0.06857142857142857 0.13950349275124233
0.0 0.0
0.01818181818181818 0.05454545454545454
0.08666666666666666 0.10631887745693942
0.12214285714285715 0.15381044522796392
0.16143892339544513 0.13716032849036633
0.06186274509803922 0.0813148862548771
0.0684149184149184 0.11699222673857886
0.022222222222222223 0.06666666666666668
0.02857142857142857 0.08571428571428572
0.15215728715728716 0.15944540561541226
0.07454545454545454 0.09143484335040114
0.022222222222222223 0.06666666666666668
0.032721293199554066 0.040145000428713516
0.11904761904761904 0.14638501094227999
0.08944444444444444 0.11011918346909967
0.035541240368826575 0.03562320976447101
0.11025641025641027 0.07234223579315839
0.09166666666666667 0.15012854574301845
0.16857142857142857 0.18233743108728445
0.051023041474654376 0.05634283434712546
0.1019047619047619 0.10646238942843521
0.015384615384615385 0.04615384615384615
0.05714285714285714 0.11428571428571428
0.045 0.09069178573608527
0.14523809523809522 0.23772590402010643
0.03333333333333333 0.09999999999999999
0.025 0.07500000000000001
0.10436507936507936 0.12892917600878342
0.039999999999999994 0.07999999999999999
0.013333333333333332 0.039999999999999994
0.15912698412698414 0.17361235827216442
0.04111111111111111 0.09243616415908032
0.10468253968253967 0.11264723295745227
0.15871794871794873 0.1799936078929312
0.09166666666666667 0.14166666666666666
0.09267399267399268 0.12082138703408654
0.032051282051282055 0.0641666346473959
0.03333333333333334 0.06666666666666668
0.07820512820512822 0.10422532864975723
0.06713286713286713 0.10757417914981487
0.03611111111111111 0.055277079839256664
0.08558467246547742 0.09915350238906138
0.08839169000933707 0.10006401386669665
0.07806587547299622 0.08561974037301076
0.023026315789473683 0.04626361445197148
0.046153846153846156 0.07050116453778216
0.02287581699346405 0.04577497070560295
0.05858585858585859 0.12136354178485323
0.1600865800865801 0.12408421681192146
0.07205128205128204 0.08918102061464547
0.05291005291005292 0.073321479149092
0.05858585858585859 0.12136354178485326
0.07976076555023923 0.09627099836294627
0.08444444444444445 0.13691486045110546
0.05818181818181818 0.0889980963674212
0.05 0.10000000000000002
0.01818181818181818 0.05454545454545454
0.025 0.05000000000000001
0.0715151515151515 0.11533637474293605
0.050793650793650794 0.10257456775494293
0.025 0.07500000000000001
0.06204248366013072 0.062349312129768
0.048717948717948725 0.07449148228889205
0.03636363636363636 0.07272727272727272
0.06112745098039216 0.08077207276856913
0.025 0.07500000000000001
0.11427350427350427 0.09499726053468538
0.07222222222222222 0.11055415967851333
0.09818181818181818 0.13291394096361503
0.08733058135534916 0.08136321933175064
0.09484848484848483 0.13071850604903446
0.06944444444444445 0.10632032893891465
0.04722222222222222 0.09464847243000457
0.0 0.0
0.0849084249084249 0.11168086688712614
0.06040404040404039 0.09271142665158523
0.06 0.0916515138991168
0.02222222222222222 0.06666666666666667
0.1258008658008658 0.08412074161469134
0.06857142857142856 0.10705710854397253
0.1115151515151515 0.09179167534191375
0.09460539460539459 0.15813655697379495
0.025 0.07500000000000001
0.022222222222222223 0.06666666666666668
0.04722222222222222 0.09464847243000456
0.04222222222222223 0.08459051693633014
0.04524968608132908 0.06264022919959455
0.12844322344322343 0.07126853726333209
0.11494949494949495 0.1696547566544001
0.16547619047619047 0.17693295936270195
0.07857142857142857 0.12037356818823369
0.013333333333333332 0.039999999999999994
0.0995028011204482 0.10008145260795005
0.07857142857142857 0.12037356818823368
0.05 0.06123724356957945
0.11020418693793306 0.1134570181896286
0.09801587301587303 0.15671388056841612
0.052619047619047635 0.08543904219952837
0.04051959534718156 0.043004522843770945
0.02583333333333333 0.051700257897487
0.014285714285714287 0.04285714285714286
0.013333333333333336 0.04
0.06646153846153846 0.08896725014089811
0.05694444444444444 0.0905338249318459
0.10620490620490619 0.08869459754103064
0.09484848484848483 0.09532747675088991
0.11111111111111112 0.15061601901917734
0.028571428571428574 0.08571428571428572
0.1007936507936508 0.12426655572095133
0.03666666666666667 0.07371114795831994
0.0796969696969697 0.10074151159250623
0.04108706108706109 0.04501161689478489
0.05728937728937729 0.09500439063022852
0.06043956043956045 0.07408419248651944
0.07857142857142857 0.16428571428571428
0.07252747252747252 0.09670329670329669
0.023026315789473683 0.04626361445197148
0.034848484848484844 0.06977926630102699
0.0611111111111111 0.09444444444444443
0.025 0.07500000000000001
0.08969696969696969 0.11694928382091913
0.18944444444444447 0.2647902734031008
0.010526315789473686 0.031578947368421054
0.05428571428571429 0.08934632863139537
0.040595238095238094 0.043469337852483254
0.1081168831168831 0.1802111844667671
0.025833333333333337 0.05170025789748701
0.034345238095238095 0.04697333789277824
0.24310008618832146 0.18826279118907677
0.03337643678160919 0.04547553610459725
0.03484848484848485 0.06977926630102699
0.026666666666666672 0.05333333333333334
0.02761904761904762 0.05527913089878648
0.15714285714285717 0.20404081224408147
0.05714285714285714 0.11428571428571428
0.12873015873015875 0.1088388982382461
0.025 0.07500000000000001