11
4
11
11
11
1
11
6
8
11
11
2
11
5
11
6
11
9
1
11
6
11
1
11
11
2
11
6
9
19
6
6
11
11
1
11
2
20
11
4
7
3
11
3
6
11
6
11
8
7
7
11
11
11
4
11
11
11
6
2
1
7
11
8
7
11
7
11
7
1
1
11
4
7
2
7
6
6
7
11
3
11
1
11
8
6
4
2
2
8
10
2
2
11
2
9
6
3
11
1
7
6
11
11
24
11
11
6
6
8
14
17
11
2
11
5
10
11
6
6
2
6
6
6
11
11
5
11
11
11
8
9
6
11
18
11
11
3
11
11
11
3
6
6
3
9
11
7
1
2
1
9
11
11
11
11
7
7
11
6
6
9
7
19
11
7
9
11
5
7
11
7
11
4
6
10
2
8
7
7
2
11
6
8
11
8
8
8
6
5
11
2
6
9
6
3
11
11
7
11
11
6
4
7
9
2
11
11
5
8
11
11
8
6
13
9
8
5
5
9
1
10
3
