3
7
9
2
12
11
11
6
11
4
6
4
7
16
2
11
7
10
7
11
13
2
6
6
6
3
11
2
10
7
11
4
8
1
11
6
1
11
6
2
11
1
2
1
6
6
6
10
2
11
8
3
6
10
2
11
7
9
6
15
11
1
1
3
11
9
2
6
4
10
9
6
11
5
3
4
2
9
2
2
11
6
11
2
14
8
11
11
11
13
1
11
11
11
11
1
2
2
4
6
11
7
11
11
11
6
11
11
1
5
2
7
4
1
11
2
8
2
7
2
11
2
4
2
4
3
10
6
2
4
11
6
1
6
1
2
6
3
11
6
7
2
4
10
1
11
1
2
11
9
6
3
3
7
6
5
14
1
3
2
7
11
6
11
4
6
2
1
2
2
9
11
11
11
10
11
10
9
11
11
11
6
6
3
7
4
7
11
1
5
6
4
18
11
4
5
11
5
2
6
11
11
11
7
1
10
2
2
5
3
11
10
2
7
11
11
11
4
7
7
6
7
11
