11
4
5
3
11
2
6
2
4
11
11
11
11
11
11
11
11
11
11
2
11
2
1
14
6
11
11
2
9
10
10
11
2
8
1
7
2
15
11
3
2
1
4
2
11
6
11
4
4
2
7
11
11
1
7
4
2
3
11
2
1
5
11
7
11
4
11
11
11
11
11
11
6
3
2
11
1
1
6
11
2
11
11
2
4
11
6
2
1
11
10
2
11
7
2
10
11
3
4
3
7
11
11
1
7
11
5
4
1
11
7
22
4
2
2
4
7
11
6
8
7
11
11
11
11
11
11
11
11
6
4
6
1
19
14
11
11
3
2
9
9
3
11
1
11
7
1
11
6
3
2
7
11
7
11
11
7
11
3
2
14
7
9
26
11
11
11
11
6
7
9
7
11
3
3
11
2
6
1
2
2
11
3
11
11
11
11
11
11
11
6
11
9
8
2
3
1
11
11
11
5
11
4
3
2
4
11
5
4
5
11
17
5
11
11
11
2
8
11
5
1
8
2
