9
11
8
3
7
2
11
2
11
7
5
11
1
5
11
11
6
11
6
2
11
11
11
7
11
11
11
11
9
11
17
7
6
7
11
11
2
9
11
11
11
3
11
2
6
6
6
11
11
9
6
11
3
11
4
6
2
11
6
6
1
9
6
11
2
11
2
3
8
8
2
6
5
11
11
3
6
6
1
6
11
10
6
11
9
11
7
2
11
15
11
2
11
3
2
9
3
11
21
7
7
11
3
1
6
11
2
1
6
7
7
11
6
7
7
11
6
6
6
11
11
11
9
9
11
9
8
11
6
11
4
11
1
11
16
2
6
11
6
7
7
11
6
10
11
7
6
11
1
11
6
7
11
8
7
11
7
6
10
7
3
9
11
11
11
10
11
11
5
7
7
9
11
11
11
13
9
3
11
11
3
11
6
9
11
11
6
9
11
6
11
2
11
11
2
7
11
11
11
6
3
11
8
7
11
5
11
11
4
5
6
13
5
11
4
11
8
5
5
2
1
2
4
