11
9
27
11
9
4
7
7
11
13
3
4
7
8
7
9
11
11
11
10
2
4
8
11
8
2
11
1
11
11
11
4
11
11
8
3
11
11
8
5
5
9
8
11
11
14
9
4
6
7
8
11
8
6
11
9
4
8
18
11
7
11
9
11
8
4
11
11
14
8
11
11
11
11
9
6
11
1
11
11
7
9
8
3
4
11
11
7
11
11
11
11
4
10
4
7
1
12
12
11
7
11
11
11
9
11
14
9
4
22
9
11
4
3
5
9
10
6
11
9
11
11
11
10
11
11
8
11
8
12
11
11
5
16
11
7
11
11
8
7
10
5
2
11
5
10
6
8
6
11
9
7
11
6
10
10
12
10
8
9
11
8
15
15
10
17
9
11
10
7
9
10
6
5
7
11
3
11
7
11
7
11
7
14
11
9
11
6
5
6
5
11
11
11
11
8
8
11
11
11
10
11
11
5
11
4
11
10
11
11
11
11
11
9
10
11
11
11
5
11
1
18
2
